1	-5.923448846974567
2	-14.796203460264454
3	2.191145446985587
4	-2.1700458936015785
5	-47.80232345156095
6	-4.6061767992107026
7	-23.29983410645625
8	2.1263848380357793
9	-14.44642826808765
1	-5.923448846974567
2	-14.796203460264454
3	2.191145446985587
4	-2.1700458936015785
5	-47.80232345156095
6	-4.6061767992107026
7	-23.29983410645625
8	2.1263848380357793
9	-14.44642826808765
10	-32.60637313995979
11	-11.913586608732965
12	-11.556259800126425
13	-3.6288592957729584
14	-8.574927685147776
15	-15.667371935609133
16	8.746552415069168
17	-7.6469571427167775
18	-37.21697230314777
19	-18.15336111804341
20	-18.166617102178392
21	-13.37148344046599
22	-13.549099726253612
23	-11.316614791368737
24	8.860038763327953
25	8.660648978033645
26	-26.494569225357353
27	22.19892303945323
28	-12.240118834374643
29	-4.142871935201079
30	4.058356848546929
31	-6.569382277176073
32	-19.878909608732556
33	-2.4750376513486465
34	-23.82640924044967
35	-17.529796434205394
36	-23.188585563184738
37	-11.865849304635987
38	-23.42571499326569
39	-35.343719745492294
40	-15.304232542130757
41	10.691353243791234
42	-15.07151419804672
43	-15.557251770202878
44	-5.989737215643208
45	-25.55753166961406
46	-7.93958826371054
47	3.3159228365385616
48	-22.94751251298461
49	-4.95756810357725
50	-17.8958935695226
51	4.405385130285662
52	-28.0800918814014
53	-28.87182120960255
54	-11.221346583711922
55	20.088885255998388
56	-6.066631067147155
57	-3.6720629761884602
58	7.955558917580234
59	11.472221907513557
60	17.177299049835014
61	-8.776488493514696
62	-8.443101836845035
63	26.032672877834813
64	-12.746888315558433
65	6.487600541769837
66	28.564337702171972
67	19.766263585491497
68	-15.51886692854834
69	13.531071026373585
70	13.039068883102171
71	12.168716647373039
72	-6.925546288570738
73	1.7326214715561719
74	-17.2552012883368
75	32.3621260768982
76	13.323533669370171
77	14.861734012198575
78	37.05296817529028
79	-2.697459500638896
80	-2.933835796103807
81	23.042990790984657
82	7.20574052040817
83	-0.5564893577243488
84	24.94964080100144
85	33.460186117723865
86	12.341377370259183
87	16.459624632615675
88	-36.48586192062268
89	-21.137707384743447
90	4.631626852511399
91	16.459019489783653
92	-20.997763104015274
93	-10.145298714965241
94	-0.14675996559757465
95	-12.934691269100398
96	27.822718823674723
97	-10.25660923133207
98	47.697488132790085
99	22.635505265564394
100	16.232352563229934
101	-22.80839594061981
102	13.381822723913537
103	33.50111198814693
104	83.77871871729498
105	42.94942577771827
106	31.492849878535175
107	74.0265553766336
108	81.72941106819343
109	-31.647906225743363
110	120.70141886002544
111	102.77880277494009
112	88.03478478907174
113	132.68190673751744
114	75.95922410543767
115	11.871312539393628
116	113.0724073214717
117	12.775610303669282
118	94.00479170004205
119	26.80496103751793
120	122.91745579830223
121	71.52659507388299
122	82.77075261143267
123	93.0731795591025
124	76.33139843971287
125	32.72718218778967
126	114.6391959642446
127	126.13896723500518
128	136.79145055273386
129	127.0573634879178
130	118.0693720311665
131	45.4782068672958
132	149.47189166478125
133	105.21700793172079
134	133.40968254036898
135	123.80371988698734
136	142.4891497289738
137	125.2425091110255
138	137.38674268358082
139	136.02454590025076
140	162.24792710908233
141	128.21035690538608
142	131.7973619985113
143	112.17017731356971
144	170.72682218426917
145	144.9169893268095
146	164.03100049267374
147	117.86720167117355
148	108.59790899844799
149	113.74903480753538
150	147.11895989765074
151	173.3069297468846
152	125.15184921574782
153	106.82215233409967
154	166.71202367913156
155	130.20825528294014
156	138.05998416466187
157	92.47268378383974
158	96.44454890411593
159	164.41005798691444
160	61.77567705230297
161	154.569563365068
162	53.243862181123305
163	49.28293862522992
164	39.38394128433076
165	78.86010273550825
166	59.287704443744964
167	48.892230669717435
168	49.965388568800705
169	36.172871529151394
170	42.482047421664376
171	36.30478325946868
172	41.47992554284055
173	33.94952344935618
174	44.666561930437226
175	26.3797501544242
176	28.079350485207268
177	49.751632149043445
178	31.24395715777539
179	39.247249988074714
180	26.351375365206852
181	41.00431667984198
182	0.7088534054835982
183	15.607405471354703
184	31.067253950823133
185	31.544072160329854
186	40.86831625700481
187	23.913200120521513
188	-8.966916475288823
189	-0.1289401205912526
190	0.6423265818696571
191	4.8256179923439895
192	-15.92006340929289
193	-6.858714421811621
194	3.2476079053111206
195	0.7782533978942219
196	4.562742384136161
197	7.0876548827362384
198	-7.050177853195525
199	-20.979522530452922
200	-4.562698353845542
201	-14.320830732560884
202	-21.795956970275885
203	-22.0954626862849
204	-3.561409216159749
205	-21.20319357699448
206	-4.150430108358364
207	-13.077978234014989
208	-21.883739634559777
209	-21.631878645699185
210	-20.530955806375506
211	-17.956078335565728
212	-22.63457124056114
213	-28.63448782493419
214	-31.29347720973061
215	-20.04740267367262
216	-30.289604609025872
217	-28.736077762882736
218	-30.254695788458726
219	-22.367836199006895
220	-24.408587277876002
221	-22.307578473978484
222	-31.90706426711445
223	-29.95752152534294
224	-32.330195830146266
225	-30.343689544335025
226	-32.93914173240764
227	-33.08193044379149
228	-26.07249950228683
229	-24.61782533630919
230	-25.145665470392277
231	-24.101144555637273
232	-32.24696129612723
233	-33.971523248339714
234	-34.56899197615711
235	-23.449532226001253
236	-23.271643669976214
237	-23.52982748072021
238	-33.249703062408024
239	-34.937349868061744
240	-30.15443202940618
241	-33.8651739685462
242	-35.05998423992317
243	-36.071399803200045
244	-35.14929901337608
245	-35.49074307630342
246	-21.617040709871212
247	-25.861428311345026
248	-28.558862444833213
249	-31.549622487063925
250	-32.96742331270074
251	-31.84384870330896
252	-33.917985772348956
253	-32.59155259495651
254	-33.31515719728044
255	-29.836726828973827
256	-31.84667381990427
257	-31.786441622554708
258	-30.926359752101174
259	-32.344292051695405
260	-31.354033097294895
261	-35.022963205888374
1	-5.923448846974567
2	-14.796203460264454
3	2.191145446985587
4	-2.1700458936015785
5	-47.80232345156095
6	-4.6061767992107026
7	-23.29983410645625
8	2.1263848380357793
9	-14.44642826808765
10	-32.60637313995979
11	-11.913586608732965
12	-11.556259800126425
13	-3.6288592957729584
14	-8.574927685147776
15	-15.667371935609133
16	8.746552415069168
17	-7.6469571427167775
18	-37.21697230314777
19	-18.15336111804341
20	-18.166617102178392
21	-13.37148344046599
22	-13.549099726253612
23	-11.316614791368737
24	8.860038763327953
25	8.660648978033645
26	-26.494569225357353
27	22.19892303945323
28	-12.240118834374643
29	-4.142871935201079
30	4.058356848546929
31	-6.569382277176073
32	-19.878909608732556
33	-2.4750376513486465
34	-23.82640924044967
35	-17.529796434205394
36	-23.188585563184738
37	-11.865849304635987
38	-23.42571499326569
39	-35.343719745492294
40	-15.304232542130757
41	10.691353243791234
42	-15.07151419804672
43	-15.557251770202878
44	-5.989737215643208
45	-25.55753166961406
46	-7.93958826371054
47	3.3159228365385616
48	-22.94751251298461
49	-4.95756810357725
50	-17.8958935695226
51	4.405385130285662
52	-27.70110015580644
53	-26.563061037254187
54	-18.40702110971622
55	15.517718876517336
56	-30.193070629223932
57	-39.280220356463644
58	11.870721699091654
59	-16.890536455929226
60	-50.44143124468713
61	-25.018672801479944
62	15.514068395533585
63	9.088766776879705
64	15.911814606969035
65	-9.217025698799803
66	-28.40261294217268
67	19.692906990856596
68	-14.092497801702796
69	-12.350770544922499
70	-2.9919554881468677
71	-6.06062308750829
72	12.278055772897925
73	-18.648021962463307
74	25.918631206493508
75	26.68110568686821
76	19.60244487415177
77	28.602625433181203
78	4.298844474783024
79	12.28715529310032
80	10.625572704018811
81	21.978477533923463
82	30.917360394810657
83	11.395125292313491
84	-10.452166725382122
85	27.68191589310369
86	33.787531633666674
87	16.405813362602515
88	12.35610794415139
89	-17.67346339691262
90	15.310654160515
91	-12.037111929718176
92	4.294658581045777
93	-19.303935017185523
94	-23.33840004625621
95	-7.324797824854077
96	-2.8886260983565144
97	-0.2371649359470709
98	18.868100962991644
99	13.63603110205424
100	13.190803426988307
101	14.214246869066102
102	0.5481831487749247
103	3.714270416668459
104	-1.2392971646246451
105	-6.96255927386551
106	21.458276049789834
107	-24.340690818469916
108	23.16565868395209
109	-10.37079474971826
110	4.4412569901269485
111	-2.784472890837158
112	-29.85608304654747
113	-18.439440388823925
114	-19.013762105284023
115	-32.20762184762454
116	-31.80979228696232
117	-29.26669148489644
118	-33.61731740861522
119	-31.185878532105704
120	-13.931003154649446
121	-38.953856806811885
122	-33.2547194267929
123	-28.7954757654589
124	-27.877755041503235
125	-29.38582901437905
126	-35.99167989181991
127	-38.91625112124244
128	-37.706095902229805
129	-32.03255150486365
130	-39.15642240174069
131	-34.10223166090359
132	-30.622489565175293
133	-34.7210523460336
134	-31.77264412455437
135	-32.47584875737447
136	-32.29517952099039
137	-32.02582857070283
138	-32.64105015699624
139	-35.516618313212824
140	-29.55610493602799
141	-31.956081099008152
142	-34.32307034253625
143	-33.60847647290826
144	-33.5567394895424
145	-21.110420954820192
146	-32.05163866837562
147	-30.553493659095913
148	-30.412003446791548
149	-27.020790444390908
150	-30.577156012019003
151	-29.49495209145116
152	-29.901114809576352
153	-30.900382343750504
154	-29.50746953998175
155	-30.242714512213336
156	-25.335398975656545
157	-25.342428268632926
158	-31.509397901953463
159	-28.599253687121404
160	-25.61208530004895
161	-23.615749725342265
162	-25.881085710575817
163	-32.23019945119063
164	-33.30863715999078
165	-27.333621201464084
166	-29.340566232541196
167	-27.390552908445848
168	-31.618553695269
169	-31.918391550245406
170	-25.481312108542085
171	-22.30328774353469
172	-30.25207299054756
173	-31.439744372659423
174	-28.26196447192205
175	-20.28317598319939
176	-32.14949448304666
177	-31.021783541866135
178	-25.887285570817184
179	-25.364740857493867
180	-26.066374408055122
181	-31.58623123893052
182	-29.2474290683383
183	-30.493601462996487
184	-30.75235772202341
185	-31.604693181379414
186	-30.640720594293974
187	-32.980007226767086
188	-29.48106933816993
189	-31.700741139456802
190	-28.066950426711486
191	-21.05056799812554
192	-31.059656671059695
193	-31.509961482448954
194	-30.94768745632975
195	-32.12288465753956
196	-31.49520866182597
197	-30.777688071217504
198	-23.58266039081868
199	-32.453954026861915
200	-30.18614987698314
201	-30.37949244590127
202	-35.3433840316486
203	-29.728600457442486
204	-33.58305652810944
205	-34.144493727512845
206	-28.07961364297344
207	-31.415530524488233
208	-32.18483680971428
209	-31.89384211999988
210	-36.17323889654742
211	-31.44641980608182
212	-35.28571959790888
213	-33.27914514447066
214	-25.457757963616654
215	-34.27274524504249
216	-35.19722448179763
217	-35.59549293547717
218	-32.33941149412722
219	-27.34576494333772
220	-34.488228278999735
221	-36.09087354069516
222	-31.795690369424662
223	-36.33760127588228
224	-32.45583613011966
225	-32.46975963992328
226	-29.33822949730365
227	-36.750127332580135
228	-32.08200366584562
229	-31.752898629406303
230	-37.3711207900335
231	-33.67024852984291
232	-36.39066838021726
233	-34.18698521411749
234	-30.817846520576154
235	-23.775576787785024
236	-37.98220172151521
237	-27.225456997037604
238	-34.45276801828699
239	-28.37971281266457
240	-33.93021538300043
241	-36.967595107785414
242	-28.88020494102298
243	-35.401468024117406
244	-32.21466585179093
245	-40.42700429415248
246	-42.24845335923509
247	-37.41699795572406
248	-38.5224902327443
249	-31.948106583134578
250	-20.33884351335461
251	-30.678719255002402
252	-21.458827011487696
253	-28.870555718951444
254	-28.119232400127277
255	-35.69889829331511
256	-48.271715535481505
257	-30.283446831983355
258	-27.813459563838588
259	-30.704695103669188
260	-30.02079667728363
261	-35.09247383791917
262	-32.30205373206367
263	-39.5417190591442
264	-27.717425973402946
265	-30.71826584736649
266	-27.414857664051564
267	-8.482835689879645
268	-43.49848988557094
269	-26.189094466749218
270	-18.261708087077366
271	-34.38516595239522
272	-10.070458104286084
273	-31.69929511484136
274	-41.51658321730945
275	8.001134598567877
276	16.55778079006677
277	21.08633192231304
278	11.582480443842613
279	1.5712353978616456
280	0.8715497434382051
281	17.251778151015944
282	-17.423520489725668
283	2.9214221827414555
284	-7.931908228935786
285	11.916392728964244
286	-7.66043624243088
287	-21.890069570384846
288	9.71050075813282
289	-35.91365773385871
290	21.1716111020551
291	-18.30408382177267
292	-13.444416614073857
293	5.537738374778517
294	-16.69417160058723
295	-36.974711815845396
296	-38.38669098138311
1	-5.923448846974567
2	-14.796203460264454
3	2.191145446985587
4	-2.1700458936015785
5	-47.80232345156095
6	-4.6061767992107026
7	-23.29983410645625
8	2.1263848380357793
9	-14.44642826808765
10	-32.60637313995979
11	-11.913586608732965
12	-11.556259800126425
13	-3.6288592957729584
14	-8.574927685147776
15	-15.667371935609133
16	8.746552415069168
17	-7.6469571427167775
18	-37.21697230314777
19	-18.15336111804341
20	-18.166617102178392
21	-13.37148344046599
22	-13.549099726253612
23	-11.316614791368737
24	8.860038763327953
25	8.660648978033645
26	-26.494569225357353
27	22.19892303945323
28	-12.240118834374643
29	-4.142871935201079
30	4.058356848546929
31	-6.569382277176073
32	-19.878909608732556
33	-2.4750376513486465
34	-23.82640924044967
35	-17.529796434205394
36	-23.188585563184738
37	-11.865849304635987
38	-23.42571499326569
39	-35.343719745492294
40	-15.304232542130757
41	10.691353243791234
42	-15.07151419804672
43	-15.557251770202878
44	-5.989737215643208
45	-25.55753166961406
46	-7.93958826371054
47	3.3159228365385616
48	-22.94751251298461
49	-4.95756810357725
50	-17.8958935695226
51	4.405385130285662
52	-28.0800918814014
53	-28.87182120960255
54	-11.221346583711922
55	20.088885255998388
56	-6.066631067147155
57	-3.6720629761884602
58	7.955558917580234
59	11.472221907513557
60	17.177299049835014
61	-8.776488493514696
62	-8.443101836845035
63	26.032672877834813
64	-12.746888315558433
65	6.487600541769837
66	28.564337702171972
67	19.766263585491497
68	-15.51886692854834
69	13.531071026373585
70	13.039068883102171
71	12.168716647373039
72	-6.925546288570738
73	1.7326214715561719
74	-17.2552012883368
75	32.3621260768982
76	13.323533669370171
77	14.861734012198575
78	37.05296817529028
79	-2.697459500638896
80	-2.933835796103807
81	23.042990790984657
82	7.20574052040817
83	-0.5564893577243488
84	24.94964080100144
85	33.460186117723865
86	12.341377370259183
87	16.459624632615675
88	-36.48586192062268
89	-21.137707384743447
90	4.631626852511399
91	16.459019489783653
92	-20.997763104015274
93	-10.145298714965241
94	-0.14675996559757465
95	-12.934691269100398
96	27.822718823674723
97	-10.25660923133207
98	47.697488132790085
99	22.635505265564394
100	16.232352563229934
101	-22.80839594061981
102	13.381822723913537
103	33.50111198814693
104	83.77871871729498
105	42.94942577771827
106	31.492849878535175
107	74.0265553766336
108	81.72941106819343
109	-31.647906225743363
110	120.70141886002544
111	102.77880277494009
112	88.03478478907174
113	132.68190673751744
114	75.95922410543767
115	11.871312539393628
116	113.0724073214717
117	12.775610303669282
118	94.00479170004205
119	26.80496103751793
120	122.91745579830223
121	71.52659507388299
122	82.77075261143267
123	93.0731795591025
124	76.33139843971287
125	32.72718218778967
126	114.6391959642446
127	126.13896723500518
128	136.79145055273386
129	127.0573634879178
130	118.0693720311665
131	45.4782068672958
132	149.47189166478125
133	105.21700793172079
134	133.40968254036898
135	123.80371988698734
136	142.4891497289738
137	125.2425091110255
138	137.38674268358082
139	136.02454590025076
140	162.24792710908233
141	128.21035690538608
142	131.7973619985113
143	112.17017731356971
144	170.72682218426917
145	144.9169893268095
146	164.03100049267374
147	117.86720167117355
148	108.59790899844799
149	113.74903480753538
150	147.11895989765074
151	173.3069297468846
152	125.15184921574782
153	106.82215233409967
154	166.71202367913156
155	130.20825528294014
156	138.05998416466187
157	92.47268378383974
158	96.44454890411593
159	164.41005798691444
160	61.77567705230297
161	154.569563365068
162	53.243862181123305
163	49.28293862522992
164	39.38394128433076
165	78.86010273550825
166	59.287704443744964
167	48.892230669717435
168	49.965388568800705
169	36.172871529151394
170	42.482047421664376
171	36.30478325946868
172	41.47992554284055
173	33.94952344935618
174	44.666561930437226
175	26.3797501544242
176	28.079350485207268
177	49.751632149043445
178	31.24395715777539
179	39.247249988074714
180	26.351375365206852
181	41.00431667984198
182	0.7088534054835982
183	15.607405471354703
184	31.067253950823133
185	31.544072160329854
186	40.86831625700481
187	23.913200120521513
188	-8.966916475288823
189	-0.1289401205912526
190	0.6423265818696571
191	4.8256179923439895
192	-15.92006340929289
193	-6.858714421811621
194	3.2476079053111206
195	0.7782533978942219
196	4.562742384136161
197	7.0876548827362384
198	-7.050177853195525
199	-20.979522530452922
200	-4.562698353845542
201	-14.320830732560884
202	-21.795956970275885
203	-22.0954626862849
204	-3.561409216159749
205	-21.20319357699448
206	-4.150430108358364
207	-13.077978234014989
208	-21.883739634559777
209	-21.631878645699185
210	-20.530955806375506
211	-17.956078335565728
212	-22.63457124056114
213	-28.63448782493419
214	-31.29347720973061
215	-20.04740267367262
216	-30.289604609025872
217	-28.736077762882736
218	-30.254695788458726
219	-22.367836199006895
220	-24.408587277876002
221	-22.307578473978484
222	-31.90706426711445
223	-29.95752152534294
224	-32.330195830146266
225	-30.343689544335025
226	-32.93914173240764
227	-33.08193044379149
228	-26.07249950228683
229	-24.61782533630919
230	-25.145665470392277
231	-24.101144555637273
232	-32.24696129612723
233	-33.971523248339714
234	-34.56899197615711
235	-23.449532226001253
236	-23.271643669976214
237	-23.52982748072021
238	-33.249703062408024
239	-34.937349868061744
240	-30.15443202940618
241	-33.8651739685462
242	-35.05998423992317
243	-36.071399803200045
244	-35.14929901337608
245	-35.49074307630342
246	-21.617040709871212
247	-25.861428311345026
248	-28.558862444833213
249	-31.549622487063925
250	-32.96742331270074
251	-31.84384870330896
252	-33.917985772348956
253	-32.59155259495651
254	-33.31515719728044
255	-29.836726828973827
256	-31.84667381990427
257	-31.786441622554708
258	-30.926359752101174
259	-32.344292051695405
260	-31.354033097294895
261	-35.022963205888374
262	-33.61476577213542
263	-32.809302746553044
264	-21.43268393572163
265	-20.360377038573052
266	-36.54735317381297
267	-35.040788465611314
268	-34.856291525300186
269	-34.158331481308366
270	-35.76606485493046
271	-23.701175184269026
272	-24.457478465180724
273	-41.12295242212126
274	-23.253501004720434
275	-26.60813083544369
276	-23.022048428484545
277	-26.25849574885995
278	-22.95107743668926
279	-23.56335531992866
280	-23.96607954065827
281	-23.080754394976058
282	-24.59181725148371
283	-23.45281276338039
284	-43.725557729494845
285	-20.390078356797762
286	-26.401947967816504
287	-26.267296548378372
288	-38.34093640529939
289	-20.97047831534424
290	-27.79880601262751
291	-44.73050820027501
292	-45.041469891024214
293	-47.660077117306855
294	-58.35944093557411
295	-94.88805180719055
296	-56.1419911411642
297	-42.70587196659654
298	-47.26978271391705
299	-40.10198762648977
300	-38.031996740315904
301	-32.683694759365586
302	-37.5116205733371
303	-48.86656522744592
304	-38.03496322233191
305	-41.127277127623856
306	-38.00494444283865
307	-35.12435166711691
308	-49.18792301788746
309	-38.70813787436314
310	-42.14900047020705
311	-35.9725772428734
312	-36.280899974619466
313	-36.56610828206807
314	-33.58046028034386
315	-41.85432280043349
316	-65.97322226302516
317	-41.349016603721466
318	-36.1033583603091
319	-29.76142190037372
320	-34.75098425579577
321	-37.296239744665684
322	-32.381807350467945
323	-32.75071603762126
324	-40.34426785991029
325	-39.60969391205436
326	-38.13072268971507
327	-32.92028793723951
328	-31.640362370696515
329	-31.979032836599195
330	-30.47352231820201
331	-33.7861591365315
332	-31.74492060228802
333	-30.730409344079007
334	-32.27937554590302
335	-33.79121099640142
336	-36.234145695401565
337	-34.735961517150756
338	-33.08931108701516
339	-35.4072735679584
340	-32.25605346092355
341	-42.6214818332632
342	-32.99936066617571
343	-35.646154883412684
344	-30.363826381756056
345	-32.87158170771211
346	-31.230312780145788
347	-31.559273783859695
348	-34.12977630431123
349	-28.164921830317915
350	-29.52334683834122
351	-47.33750737440643
352	-32.17784174486503
353	-41.62668429367493
354	-32.217350932535695
355	-44.06295042834695
356	-38.17283763930001
357	-42.20407045342661
358	-10.706390568463007
359	-13.981699266418524
360	-15.4007455450644
361	-20.08906409635212
362	-16.354046623831774
363	-41.22966813951274
364	-24.9196083441167
365	-26.50820162629953
366	-32.07193687635484
367	-20.491117912092324
368	-25.21345063441456
369	-23.042158945000228
370	-17.383815253683814
371	-52.90895483312323
372	-22.54490480310131
373	-27.249334952520606
374	-19.318257311198348
375	-16.58660687534403
376	-17.677549279002715
377	-20.503421954862777
378	-12.992381784613041
379	-29.36943125895812
380	-19.214340914144724
381	-19.21672332061386
382	-25.747414572248722
383	-17.91245596567797
384	-19.856312459977463
385	-19.30646514229888
386	-20.431691574227454
387	-19.94857496216973
388	-31.592231438659113
389	-42.60406430155018
390	-40.070936295067874
391	-23.726672493772636
392	-25.075114625988505
393	-25.347795158765965
394	-41.8181347754861
395	-30.65463257753023
396	-30.207600947868368
397	-19.15056881741315
398	-28.11606208862472
399	-26.981426386162248
400	-21.09442706129557
401	-25.02605315074276
402	-18.59950334402055
403	-18.50498923815857
404	-24.07198924462304
405	-33.3693573801195
406	-27.032688503017912
407	-25.618882272375345
408	-46.18822046287778
409	-19.842233254942844
410	-18.52337594440489
411	-31.447219005644353
412	-25.631771010379897
413	-22.65032310870259
414	-27.370654943038282
415	-30.27563245140604
416	-36.457169757422065
417	-34.34807511736875
418	-33.32498233985456
419	-31.148558481227553
420	-28.97867366234688
421	-27.642504116931555
422	-32.09955586392688
423	-29.028149438089972
424	-80.0030588891203
425	-30.39553384299635
426	-27.75411063571581
427	-28.081947794384245
428	-28.503030489072543
429	-30.13463377594755
430	-28.000058034204738
431	-23.3312212911383
432	-22.178601955986906
433	-28.34455184843066
434	-19.101944716768934
435	-19.01382689749583
436	-24.564404882347297
437	-36.20277770097322
438	-27.92539146397727
439	-31.10557194680862
440	-31.22097434655067
441	-25.79458895160949
442	-28.22380522180045
443	-22.600564732940075
444	-210.823091921493
445	-22.381394018252138
446	-23.41282057500029
447	-19.70287299533579
448	-29.675825963963163
449	-26.034084242180793
450	-23.496388004530967
451	-23.430896616579183
452	-30.459028467654214
453	-100.9865181564297
454	-31.540520983531902
455	-31.76812526899755
456	-36.11131478620575
457	-29.96904174401704
458	-29.638085550203282
459	-31.378890930951716
460	-30.78548163645648
461	-29.776947997020436
462	-29.289072965992208
463	-31.966844406645773
464	-30.84168045582625
465	-31.542807607683585
466	-29.94639130059361
467	-30.154376170846973
468	-31.14819477627146
469	-29.778193817064512
470	-29.785344123397152
471	-30.482063982495408
472	-28.272661903698005
473	-32.851650039057375
474	-29.231225528863533
475	-30.808898844290518
476	-31.56137056279523
477	-31.980924566648795
478	-30.190011586803024
479	-30.415112287694555
480	-31.600013362751817
481	-27.895405670420445
482	-29.884723105877015
483	-30.940000274795384
484	-32.15097315210612
485	-30.620101119064003
486	-26.796170447330883
487	-30.518795654173573
488	-33.18635267272591
489	-145.0533831461588
490	-33.358129099133144
491	-37.524655922150096
492	-40.87849242090049
493	-50.06704359708607
494	-36.65175751267886
495	-36.53329352379307
496	-41.74311954203114
497	-44.26437728942459
498	-38.663073048553514
499	-43.382888627096136
500	-39.35126313675228
501	-37.540723803100484
502	-36.955418891598626
503	-42.22628682482828
504	-55.99345048987321
505	-44.614598163290594
506	-69.28061827532446
507	-73.46627172992964
508	-40.61756595886653
509	-114.62215225285169
510	-163.07963827996758
511	-111.70104350962414
512	-35.403239441005006
513	-104.61876605310313
514	-92.42631523634606
515	-82.76787430811876
516	-69.01925763412272
517	-65.63437843521274
518	-88.91794727129543
519	-74.24766938207034
520	-79.19668933182312
521	-64.80747282398706
522	-32.3726591919648
523	-25.872596329256112
524	14.340442114671589
525	-25.29007620075333
526	-32.4744489062505
527	-46.09585214439241
528	-104.0541852542095
529	-51.95484820178552
530	-51.307457340890274
531	-18.903399243143156
532	-42.942969615077274
533	-19.87432890837077
534	-162.1028628665772
535	-14.687527235224888
536	-102.84115506544845
537	-25.959388257502404
538	-34.98341630506759
539	-32.68714841135829
540	-74.75639150321247
541	-89.49360073409366
542	-50.60543419748679
543	-87.03507706708874
544	-105.89134640987908
545	-102.52523584143111
546	-98.73690492952846
547	-119.58687647349868
548	-37.66370752328854
549	-112.2082561148788
550	-41.60634486577894
551	-47.061083819794774
552	-96.37848910944847
553	-98.38919601750959
554	-178.78806113877457
555	-164.4328867825087
556	-16.517582138453797
557	-66.38386324651003
558	-47.092982320250606
559	-48.43957956438345
560	-25.29683496580879
561	-46.69586770777764
562	-50.95570778599302
563	-114.3230660384254
564	-38.0309678408332
565	-116.92506386876767
566	-101.45425107065616
567	-27.247662846896006
568	-65.29048378026957
569	-9.80171271635394
570	-115.68909944832217
571	-23.43822304727485
572	-132.2417462870731
573	-34.13136379630746
574	-36.15712531482417
575	-34.9373662170499
576	-51.65778515306648
577	-80.78529624359753
578	-92.0970849918246
579	-36.00234730187395
580	-75.5104572974598
581	-50.19888489778256
582	-38.58187679370018
583	-40.259314360516086
584	-37.295455617618586
585	-42.149632568897516
586	-43.13499464276019
587	-34.33732757267076
588	-39.16006807569561
589	-48.03191070553125
590	-111.19638543825128
591	-35.381585092450834
592	-56.47341704504677
593	-49.377321674557706
594	-2.3303610101751957
595	-39.33923401543656
596	-41.686530904639696
597	-36.59958580340776
598	-33.16603282306362
599	-59.540819352484725
600	-74.84382147106737
601	-47.03360726583671
602	-49.98632000379977
603	-9.000605837116007
604	-15.576547601847427
605	-38.555111231878094
606	-36.79255505503215
607	-89.8384491973622
608	-48.8418508960479
609	-35.58050477120168
610	-65.60373289982769
611	-27.44544589702199
612	-33.93238821911818
613	-35.31302952578948
614	-81.67397873061525
615	-92.94292509885693
616	-21.513583037544493
617	-33.45799761051269
618	-82.83914467569936
619	-63.05846129284637
620	-153.41262119807192
621	-93.91655857362055
622	-46.19400248432699
623	-34.78843377944092
624	-40.61188551028762
625	-49.7910689714331
626	-22.86390776216358
627	-45.95431158883821
628	-48.98566511931036
629	-68.24807624014332
630	-116.15133484515167
631	5.441565373319559
632	-20.261760064555205
633	54.10760098421567
634	-38.154919342576065
635	-43.28939514770859
636	-110.69564582849745
637	-39.6341584182844
638	-43.69616600476398
639	-28.893090158219884
640	-9.458612265311412
641	-30.017127549581247
642	-20.091953538155924
643	-35.38913710501833
644	-29.29717013752984
645	-79.61855896145077
646	-112.34984557764186
647	-52.09900883768812
648	-24.1848355594518
649	1.6150629704164885
650	-18.680007639892445
651	-23.680639740141043
652	-43.768951517648745
653	-45.89926426809239
654	-112.16700894790509
655	-17.780811415579524
656	-35.40215918719312
657	-36.82015713068031
658	-33.973116196298236
659	-83.68341307554024
660	-19.214797318642194
661	-42.19860104943986
662	-38.00528994893233
663	-37.2265395102804
664	-35.27023115468164
665	-42.084442163600926
666	-30.05469138708871
667	-70.71932584929613
668	-33.37016049449176
669	-32.00497629554904
670	-118.24715016710641
671	-40.96121138592533
672	-168.45270497368173
673	-47.079045393538095
674	-59.68689834079669
675	-48.38565394692643
676	-89.9078982191173
677	-138.32902454485406
678	-41.11112489317841
679	-79.94259966886922
680	-21.64373070580411
681	-53.86189309876817
682	-74.3808438088636
683	-29.12252434828781
684	-49.22895257299878
685	-21.08072330393534
686	-30.60005561473102
687	19.838732017934877
688	5.066693815740571
689	-44.95189340192118
690	-153.3562879231099
691	-92.17569242678692
692	-126.98938902396841
693	-30.796732233657643
694	-12.209988595725287
695	-60.6600565429259
696	-54.035391853783146
697	-54.58259862493229
698	-199.4027505103409
699	-33.94640274347822
700	-82.80330750618594
701	-61.1013319085263
702	-70.717940457486
703	-141.0309495649511
704	-159.75380523678157
705	-166.12327435700035
706	-129.88099576798604
707	-52.696734991004476
708	-43.581220477638794
709	-22.375474809477815
710	-18.091127420453393
711	-20.389757021746345
712	-20.183472788125954
713	-43.42150682615731
714	-29.524495061876205
715	-40.878495199865895
716	-18.2608625662035
717	-19.553307678292416
718	-22.154848283785746
719	-35.280915017078534
720	-17.51198173882952
721	-18.921833981396134
722	-20.736797443997474
723	-15.477467744956904
724	-62.11918632129175
725	-15.45522152512571
726	-35.71326466334533
727	-16.534373509695858
728	-35.58749374126564
729	-21.891118474761473
730	-19.53870840497821
731	-16.973116899469105
732	-18.344243619610985
733	-59.82837572988261
734	-38.21018401906645
735	-57.63200927021472
736	-59.42029308151197
737	-88.19601623952788
738	-22.441343490356253
739	-3.9274749046345505
740	-45.78421473638497
741	-14.802045439839098
742	-46.36902113922298
743	-32.10775318702122
744	-35.14097839821726
745	-79.03091249777047
746	-44.70242209398677
747	-47.74989735947909
748	-49.841455892437864
749	-20.179563823513266
750	-27.39782503035933
751	-33.669172774453216
752	1.9285031158125072
753	-91.75537475237898
754	-117.9878626302783
755	-89.62878622000147
756	-113.47279826935458
757	-7.920357152554525
758	-80.78804726262632
759	8.839390307058018
760	19.32281049967569
761	-31.193530260303273
762	-119.46691264509211
763	-28.675736638052534
764	-41.68922844502022
765	-52.72637456790534
766	-3.492612449297937
767	-89.63082329607538
768	-5.549842986802073
769	-85.81935505201845
770	-32.681391141516876
771	-87.16319284701098
772	-74.92202757362124
773	-29.122313258103645
774	-11.070521145531542
775	-75.60885900074275
776	-71.12304121217744
777	-120.89883349018127
778	-36.67373972843475
779	-37.34201418378623
780	-45.05324620746454
781	-64.15727029253641
782	-30.65768206757137
783	-33.254078891826765
784	-52.68021652072613
785	-83.49973952889147
786	-14.69923871105188
787	-96.39479538982206
788	-24.501931743631683
789	-33.40170281415067
790	-118.16602331186536
791	-32.483134709100185
792	-44.19270842142797
793	-37.48198052028596
794	-119.28947720516499
795	-33.18279793779166
796	-34.16911174327355
797	7.543871418496664
798	-191.9121450539986
799	-109.16815537269312
800	-28.27657963434788
801	-38.04133401292514
802	-29.328626026945855
803	-57.80963664323815
804	-47.86883320693818
805	-26.592739699205108
806	-34.449252778230935
807	-20.131119367110816
808	-63.73006871785666
809	-29.80457883905345
810	-9.451749065930969
811	-3.586433483641983
812	-85.4744571661659
813	-113.82495001679368
814	-24.69733349356423
815	-42.400370068493785
816	-14.720251885194708
817	-83.94314244897419
818	20.149260442079566
819	-26.431982177201952
820	-42.214393505758736
821	5.550787911034391
822	-26.832913867348648
823	-24.347958388458654
824	-36.000021063998176
825	-92.20292426161309
826	-88.354293802821
827	-68.4573536459556
828	-49.43438444062241
829	-29.605207097318353
830	0.9107485409901308
831	-26.433947896563613
832	-43.14394060389259
833	-21.43178252517581
834	-31.900407708275434
835	-48.10152366021191
836	-51.62333437530639
837	-49.679125933466764
838	-10.025201453009323
839	-32.029449660392764
840	-96.01107616850935
841	-3.736117524393947
842	-69.97171917238353
843	17.309525345439724
844	-27.49132610859335
845	-8.6440495709157
846	-65.46931178035787
847	-37.345002438419954
848	-86.42755462562327
849	-16.70217777133869
850	1.4153632160918797
851	-71.90191406415533
852	52.61338196581692
853	13.127716063753464
854	16.522329724867802
855	-72.72568364072121
856	-129.65082311059663
857	-48.535974024553454
858	-42.60377868856246
859	-52.5469405906817
860	-20.566185906642826
861	-114.06259441090543
862	-114.69564078285875
863	-12.763677230015267
864	-129.14910404244077
865	-73.81284679745387
866	-101.93498360864727
867	-79.86658863563466
868	-93.29139975894813
869	-50.099056022176036
870	-75.68077609437748
871	-56.22573630395286
872	-56.76882246137892
873	-107.75050770847467
874	-179.93622010838584
875	-132.9812110637813
876	-104.0752193311932
877	-92.60350297064342
878	-94.88045170649063
879	-130.43294860705743
880	-86.13802117096166
881	-45.69236113959707
882	-105.64518004415282
883	-102.49408820313404
884	-126.26287698428739
885	-26.66249237788496
886	-23.80074038812332
887	-68.94772227203765
888	-50.20850935101369
889	-94.95773805832529
890	-84.99169846999594
891	-62.64655718646566
892	-53.218955756070486
893	-68.800284497183
894	-65.51991251194126
895	-46.29123224503678
896	-25.895151200153208
897	-57.94109883917446
898	-236.0521044901825
899	-19.735574662559735
900	-75.36978082346995
901	-63.19758472157128
902	-25.338194669799265
903	-26.43836443036692
904	-14.702423045039309
905	-29.828030959127087
906	-61.016304870731986
907	-26.022872340333866
908	-10.087688528563177
909	-46.245043627223836
910	-19.257409668527355
911	-34.99156072222461
912	-54.11213019651349
913	-61.874585870882086
914	-41.7338336605529
915	-60.56067678065068
916	-33.61866590067458
917	-23.04017687444639
918	-52.032247979665925
919	-28.083282491659617
920	-112.95540784626984
921	-59.102459284884794
922	-49.056232224660874
923	-24.863949506546284
924	-138.8559663725407
925	-66.88916030580374
926	-81.23393186258977
927	-57.319093315959435
928	-87.39268887114794
929	-205.47873212548842
930	-111.29207459562122
931	-172.71869405841687
932	-62.095224732825415
933	-235.28455632753634
934	-90.97144184451018
935	-95.29550167618328
936	-88.70841004154742
937	-143.1613026834904
938	-78.30748111586557
939	-81.1673485157788
940	-106.8333323578666
941	-120.19475137379513
942	-97.87453920010307
943	-34.1828091935412
944	-182.7453100538278
945	-117.4415265678899
946	-33.59043063968451
947	-71.22803190970201
948	-33.91276233666292
949	-110.85710982487065
950	-88.90047749664478
951	-102.53033046882614
952	-31.194311118211637
953	-32.29861312836192
954	-32.676206604752466
955	-92.09026846466945
956	-110.93145591163331
957	-87.78563941033495
958	-201.28714306356795
959	-190.98724804301992
960	-44.61788343399358
961	-88.86609157749352
962	-42.74498533161888
963	-151.7387141709798
964	-51.89115636778682
965	-47.963138667933706
966	-50.333952782370496
967	-40.39912158112821
968	-44.99408158730583
969	-45.31748190649992
970	-44.141150831329085
971	-45.096388162694836
972	-41.399351216080134
973	-40.62324882765802
974	-44.138436663538485
975	-42.209529986003076
976	-46.061556423123946
977	-43.988652564271966
978	-44.81366991869155
979	-43.009870706991094
980	-42.87986782878935
981	-41.66688871681671
982	-40.44324217039049
983	-43.88214027109579
984	-46.601292430440466
985	-46.39861290756738
986	-45.662862775184195
987	-43.24436368588316
988	-46.07810856581207
989	-42.46522138968165
990	-41.007248487189166
991	-41.303674779560225
992	-38.14742043759926
993	-41.64893691402762
994	-41.741522499683725
995	-48.95866214937644
996	-43.08243322602363
997	-41.00197294424311
998	-41.55803574039439
999	-39.06716995130547
1000	-44.140380773128186
1001	-44.301469601280814
1002	-38.56259180223134
1003	-48.79651084846138
1004	-131.71140472152123
1005	-44.26025101827004
1006	-42.34478186163389
1007	-42.25689904385557
1008	-44.02885157665202
1009	-111.53899774313932
1010	-40.18659556313417
1011	-182.85388718769977
1012	-145.98176951158837
1013	-36.64198940959956
1014	-81.10774153152794
1015	-85.17576844013392
1016	-173.21610655725374
1017	-96.59537776471862
1018	-170.74286492556786
1019	-143.3232507223641
1020	-33.80737446304373
1021	-31.089881162149677
1022	-32.5186671747329
1023	-34.31308027485303
1024	-217.36465592035032
1025	-27.80893627747507
1026	-31.7928880903242
1027	-41.50216776915295
1028	-29.269998273472172
1029	-30.71537104405239
1030	-32.26900673283726
1031	-31.406434247477957
1032	-210.83805012940593
1033	-22.62418798904811
1034	-71.79643662181375
1035	-30.224648839165283
1036	-33.47307055524392
1037	-52.475521615140934
1038	26.776223399104804
1039	-34.61301502828892
1040	-26.769274665130357
1041	-7.521342927503092
1042	2.8574953997867403
1043	-47.41605200245475
1044	-42.597931815082376
1045	-48.44696979452072
1046	-27.62799095975607
1047	-16.628606509436768
1048	-43.16591835699333
1049	-127.62784522450148
1050	-76.71852707403043
1051	-40.56729652875707
1052	-17.26615336514594
1053	-71.57674774968905
1054	-67.58053824697059
1055	-121.7619662109399
1056	-133.93517966676174
1057	-27.53349633602811
1058	10.097753553532307
1059	-33.220619547734394
1060	-27.858880001572174
1061	-22.904833495226615
1062	-9.639357437539834
1063	-71.97321870995117
1064	-19.003984994669104
1065	-11.152812041444765
1066	-3.4881885335595797
1067	-27.198695873679743
1068	-39.84582027057596
1069	-62.14110637034493
1070	-23.70375986967764
1071	-18.800558620875375
1072	-34.18827152612173
1073	-25.648394998607635
1074	-22.89658161747718
1075	-40.912145409515034
1076	-39.676655979443794
1077	-37.06893076847364
1078	-30.730348799831027
1079	-43.67961094180327
1080	-26.86916810239706
1081	-35.40478970077781
1082	-42.033549656781446
1083	-37.770341218577315
1084	-40.86383968219223
1085	-44.10992114725437
1086	-35.71048864836827
1087	-42.7456912125068
1088	-44.82235895472957
1089	-38.276672124233414
1090	-42.16389461682323
1091	-40.480957586603964
1092	-44.78078984097843
1093	-44.271700746401436
1094	-43.565469734209486
1095	-44.95048945085807
1096	-48.20823580797939
1097	-46.940102940711284
1098	-38.63939225945782
1099	-57.73186009015817
1100	-57.78401699074
1101	-43.36357721244613
1102	-48.36861190864136
1103	-37.42642651739127
1104	-40.45429318042624
1105	-58.55217964245296
1106	-48.921548630992156
1107	-47.479264527121934
1108	-56.35310602990067
1109	-42.163393421321246
1110	-43.14923158306124
1111	-38.54132578782304
1112	-40.45098385311867
1113	-76.66774695460259
1114	-38.05037508275937
1115	-94.07479825506991
1116	-66.39625159393157
1117	-43.53401720692604
1118	-45.04280113465151
1119	-105.05776848976167
1120	-164.84137849378834
1121	-89.65342551682484
1122	-170.34893754484588
1123	-131.9867412744415
1124	-82.94311668844618
1125	-39.514935559861996
1126	-128.98469868499475
1127	-41.84674957525034
1128	-35.33207907186737
1129	-89.35528366538281
1130	-37.479830872255505
1131	-35.305063183015854
1132	-34.42054348999153
1133	-38.42868520677057
1134	-122.43048904412328
1135	-46.172880900376725
1136	-119.71492497126334
1137	-115.0765897678631
1138	-37.353947283904695
1139	-143.19953757677365
1140	-37.16819013916782
1141	-94.43403080888567
1142	-74.55418519544466
1143	-39.64470778012287
1144	-148.46357911089146
1145	-132.37574710777528
1146	-73.93220782153523
1147	-45.196037526957575
1148	-158.90088715217294
1149	-58.089661118125576
1150	-44.299489713909026
1151	-85.08552372360714
1152	-36.4691157185123
1153	-41.03040973905303
1154	-38.26007021057078
1155	-38.49670327303213
1156	-40.90179925359705
1157	-40.31875441760134
1158	-38.999981531033306
1159	-52.440295050061565
1160	-43.02554212325351
1161	-38.79493119744718
1162	-38.24542690150241
1163	-111.26188202521908
1164	-97.06369758081269
1165	-92.30268423393453
1166	-59.46801376643839
1167	-94.51519897187934
1168	-56.88199073796698
1169	-81.85684580111135
1170	-47.468970998073786
1171	-38.0551740694532
1172	-116.71358633188568
1173	-97.7681046143407
1174	-156.2905434894843
1175	-48.68821949797948
1176	-71.55776022429566
1177	-67.83992272733528
1178	-88.95410342593681
1179	-138.7727792103583
1180	-30.154307354497043
1181	-117.1779657688638
1182	-168.26544034851463
1183	-134.0781680419024
1184	-103.66035151943471
1185	-66.53437306658951
1186	-122.60473321509505
1187	-98.03724439749034
1188	-138.81098953378486
1189	-69.94236771686383
1190	-41.50789221776258
1191	-106.4619604118736
1192	-70.83771779350974
1193	-59.73140869838189
1194	-55.52745611888362
1195	-98.8287616596799
1196	-57.50472102276045
1197	-67.0513008364812
1198	-41.055129472947854
1199	-61.67134121913049
1200	-112.30362812228566
1201	-93.72620840124887
1202	-53.12288138696837
1203	-115.15412964187884
1204	-76.8037930134575
1205	-103.35442694572794
1206	-114.41161129035423
1207	-100.87422018029736
1208	-97.87215569346913
1209	-85.9067579943196
1210	-76.27805742631622
1211	-228.97136879828668
1212	-81.62071252904646
1213	-126.37783508113297
1214	-73.96376716113258
1215	-42.047542946423135
1216	-55.55212316357587
1217	-78.6588448173821
1218	-89.01506773077193
1219	-195.90696905201727
1220	-103.09045190666154
1221	-85.8977555528037
1222	-143.38920071607674
1223	-82.99058451749619
1224	-129.63578821043114
1225	-76.35797856022452
1226	-97.24947152109162
1227	-36.78444685522776
1228	-32.05963878402102
1229	-102.77127941580383
1230	-146.61405848627368
1231	-62.88694612489894
1232	-11.620379174169825
1233	-171.51905755299077
1234	-110.88535229307371
1235	-145.4094749977987
1236	-74.23238689845215
1237	-160.32154283914653
1238	-26.649261584927686
1239	-26.994358829728416
1240	-19.580244415643378
1241	-109.28311755950631
1242	-183.80501810608334
1243	-88.81419496920007
1244	-154.6705041691206
1245	-162.68385372564035
1246	-149.60082844175648
1247	-105.63389266494568
1248	-65.9670491176486
1249	-133.13083982664818
1250	-153.70707938291036
1251	-110.31205328230041
1252	-146.2359545112529
1253	-21.046976850550713
1254	-140.71453122465067
1255	-85.39471711415129
1256	-120.93425407249785
1257	-150.11287924991834
1258	-104.53841905396028
1259	-113.63832561992969
1260	-189.9770388893688
1261	-78.35889453195836
1262	-235.7673096034024
1263	-50.473479804079076
1264	-97.53729424346537
1265	-67.05189420505654
1266	-142.2026207297634
1267	-14.47607721365222
1268	-48.29578379667155
1269	-53.889179566129314
1270	-75.74146935743319
1271	-61.91824758114495
1272	-161.18502589939104
1273	-113.2899800525195
1274	-170.08539428729713
1275	-37.790134961441154
1276	-119.35118105152318
1277	-108.17085160551193
1278	-59.82753252249937
1279	-93.56244970284493
1280	-115.4821370257849
1281	-157.06484979979678
1282	-88.88124087655176
1283	-66.31657678336732
1284	-130.11010554312557
1285	-68.83980591546216
1286	-82.35065434737209
1287	-95.5752962519441
1288	-154.9137811634571
1289	-129.3071325977794
1290	-157.14033279489198
1291	-91.35534371484067
1292	-78.23016104288452
1293	-67.1985230305252
1294	-81.01807568310718
1295	-48.69573393975551
1296	-161.27289182239727
1297	-109.79047499155661
1298	-108.33837640295403
1299	-40.68188631693765
1300	-115.28339606155014
1301	-56.99508745564118
1302	-67.18762207486219
1303	-110.57223239160933
1304	-116.5618367922109
1305	-159.9446430663293
1306	-163.68088597260947
1307	-75.29671005639119
1308	-114.34222172763396
1309	-100.7535766939917
1310	-63.36284303350104
1311	-65.36889774320261
1312	-44.68634677798461
1313	-67.62931968173609
1314	-17.70563050072277
1315	50.81026033341331
1316	31.049865730544976
1317	-24.731598833756824
1318	3.3418679434363274
1319	-3.9641599306805158
1320	25.468562186518724
1321	-7.471223649514597
1322	49.713912593340936
1323	-5.451705121209887
1324	41.2626605908187
1325	10.080422785826741
1326	-21.291882837255883
1327	24.349990304568262
1328	-25.896018684925227
1329	-85.95255513497615
1330	23.202936665284263
1331	71.06842632523491
1332	-21.960870354357972
1333	26.052708450882786
1334	-44.37464443196289
1335	33.47259610631666
1336	3.419970864761776
1337	-3.65624368173329
1338	-93.55183316037454
1339	3.1446441244444996
1340	19.93309257492549
1341	-14.534256607432884
1342	9.945286214002616
1343	-31.662064377661967
1344	-50.607655485222196
1345	-29.23854110172897
1346	-91.98057525727806
1347	-46.99005904524996
1348	-124.53689885655623
1349	-93.44223821412534
1350	-120.89298105658452
1351	-142.77855304441712
1352	-66.63316483997055
1353	-131.19654181739284
1354	-105.56278039496274
1355	-108.43775516718357
1356	-18.657001270487964
1357	-36.2826331295964
1358	-32.58236622170178
1359	-51.90259828716364
1360	-87.59493402080571
1361	-147.37025154491707
1362	-167.6706586611447
1363	-99.59362086476376
1364	-41.72627392678245
1365	-14.432611380198804
1366	-16.688763133403114
1367	-60.91851015037641
1368	-139.64393147964444
1369	-44.353066571913025
1370	-66.2209926774232
1371	-28.370745195980454
1372	-70.07249084132489
1373	-63.077075914445345
1374	73.71370934614534
1375	-4.226168553813792
1376	-57.87199477328669
1377	-58.873386107466544
1378	108.90998138214951
1379	50.762959144397875
1380	67.9062740935363
1381	-23.19057616066926
1382	-75.85679914940687
1383	-57.06659882424611
1384	44.34329996665283
1385	56.344737994157555
1386	56.87309193923852
1387	-89.66955780355279
1388	54.723222766451926
1389	-34.69765261996533
1390	-67.73845110201017
1391	-141.4614634924054
1392	-129.85914744602638
1393	-121.44582122085065
1394	-26.351723817643318
1395	-119.99618390191142
1396	4.30391712866205
1397	-136.49739508767007
1398	-100.3706845431208
1399	-100.61318584307143
1400	-88.54096236203442
1401	-47.33446515873563
1402	-77.70462666239062
1403	-34.97854000061761
1404	-57.1049800533854
1405	-42.90330614600956
1406	58.600065693435695
1407	-15.463063395417098
1408	-18.13270277065736
1409	-48.16947211642601
1410	43.63752709663893
1411	28.17372125162059
1412	16.788217834569725
1413	21.05209391902758
1414	84.23481688309168
1415	-23.758543097294716
1416	52.80447494006599
1417	80.24073843223174
1418	51.441758643939586
1419	73.01711874949058
1420	149.1968551208388
1421	61.953436086648935
1422	-6.239052229629078
1423	103.0861800618457
1424	37.12354817953172
1425	89.84369551729043
1426	106.7084414940033
1427	36.73165195498188
1428	-69.92503687200985
1429	101.31826369020472
1430	99.42860165603426
1431	102.57980238726
1432	46.8287023520806
1433	-14.893356894766017
1434	83.33744379190672
1435	60.51345307528224
1436	64.62504887181191
1437	74.94289656765336
1438	23.20480038055315
1439	67.28759313616635
1440	69.51046339164196
1441	-12.491802177225562
1442	62.55281917189125
1443	10.231361206103594
1444	94.64489692113357
1445	36.16653031530077
1446	39.37580681663181
1447	85.03515389571011
1448	1.758591501985871
1449	-33.15946301865054
1450	9.740088250306515
1451	95.70557544190788
1452	11.511668297935774
1453	2.787941786128144
1454	98.94874314075227
1455	110.19215159546528
1456	15.081229694810377
1457	-5.032178449635614
1458	-28.64894406184573
1459	-36.13748429253654
1460	12.146285213780564
1461	69.11542205095466
1462	50.575427949961025
1463	-72.7055031848834
1464	-1.3310902306976509
1465	-83.87409328979898
1466	-42.83841859525617
1467	-8.437896024124383
1468	84.8318943184891
1469	73.01335975117422
1470	-37.01230296327832
1471	62.226586602887075
1472	43.86202051419639
1473	-16.105912421272397
1474	65.94991867680476
1475	-6.932101749743117
1476	59.95954728918854
1477	64.36259537982392
1478	110.72993516367156
1479	-33.15491962555471
1480	141.19040350560175
1481	95.0397332126491
1482	75.81589856535359
1483	150.56688980366846
1484	54.16951316330068
1485	89.21620708364948
1486	91.49635935178483
1487	147.29343972076907
1488	75.65263885918796
1489	113.162992636141
1490	119.8824522685558
1491	88.38286351252947
1492	109.04233502647419
1493	23.58494060253462
1494	42.591187388448056
1495	97.55126336153837
1496	89.72001241263219
1497	86.9332812347146
1498	96.35445664376655
1499	77.82883455094775
1500	136.214800445562
1501	103.48848264266128
1502	140.22880477325432
1503	153.0289106798673
1504	110.30377195673671
1505	53.8954612354039
1506	110.36900312269219
1507	102.54679453674333
1508	143.72835629505892
1509	145.62874207197305
1510	144.28772946424263
1511	157.51813019334668
1512	130.95764895829555
1513	162.03317658903595
1514	177.00162611948554
1515	160.47292845460467
1516	176.6396123243523
1517	166.59663566041797
1518	141.2210422069749
1519	152.19966727519707
1520	166.97623396202314
1521	155.98195680091465
1522	104.02710907246707
1523	144.2636747502571
1524	144.32854243188555
1525	47.098202439611555
1526	34.387475501853196
1527	107.48805844464093
1528	26.40836559253105
1529	2.8396726463765667
1530	77.64867149048061
1531	135.95307848965345
1532	103.10742904221816
1533	139.40217347062833
1534	124.12646408129142
1535	139.9240496095775
1536	145.2833317925145
1537	74.17871265093304
1538	154.53010043923842
1539	132.0119224643382
1540	141.5652034112038
1541	127.89082285234714
1542	134.79853469512904
1543	105.95050397872832
1544	158.71490734851008
1545	101.17248928032232
1546	173.4077903003298
1547	140.92901075621944
1548	128.43595074936414
1549	109.85805121698762
1550	124.54654280186108
1551	162.46214431600538
1552	137.48281364380483
1553	169.31876836389694
1554	130.16080417010602
1555	115.52615326977616
1556	126.95366182325857
1557	140.42233613446766
1558	147.71652390339304
1559	135.83734341493783
1560	145.48642631357467
1561	170.96620264911476
1562	181.33391920893717
1563	106.33742064927861
1564	139.06954796446772
1565	176.26506194462183
1566	188.28747298381072
1567	182.65771852619204
1568	158.17013622816995
1569	159.65114375965464
1570	128.04437612906057
1571	145.8190508361235
1572	185.95371996727795
1573	172.42897700118357
1574	156.190179692873
1575	177.97106462710096
1576	163.2721849235363
1577	155.38684778635425
1578	152.85603431944656
1579	175.54786788554813
1580	179.39940889249627
1581	157.8307938368954
1582	151.1018469350929
1583	169.31777825477235
1584	161.2211226719575
1585	110.07175912022417
1586	164.32500024729342
1587	160.99861489478607
1588	164.8901850944307
1589	193.97739340415893
1590	187.20950346996042
1591	187.3959756416673
1592	144.4053518198193
1593	160.61333622570706
1594	168.26871242695955
1595	187.83459033159136
1596	152.53890444255438
1597	175.79245222250867
1598	159.99540942112904
1599	161.33292989742554
1600	142.3548242118207
1601	156.54825272460536
1602	176.80163819665412
1603	168.94490073646782
1604	168.8256274029642
1605	184.56745071977335
1606	186.342957165896
1607	164.03719020253212
1608	180.05136277029615
1609	160.92200297061945
1610	154.62067498844078
1611	162.84284845765694
1612	186.06919842732998
1613	153.56559286044754
1614	186.75466427889523
1615	142.3848665810577
1616	143.41487299089022
1617	201.37793648400782
1618	163.51669069304057
1619	162.32820672346318
1620	195.21038241493574
1621	199.62152176402958
1622	176.6451787782871
1623	169.3665358874299
1624	187.95153073037253
1625	203.03393972755845
1626	209.3600011079384
1627	174.70036263582622
1628	197.02920546529694
1629	179.74457355585557
1630	193.51910932991748
1631	191.35241860807284
1632	187.514359718627
1633	193.31464030591698
1634	177.08119392734937
1635	159.36137571423478
1636	179.2509898743187
1637	191.76677172934725
1638	162.76711875552934
1639	195.32213153463178
1640	197.33429305467666
1641	193.87616726927732
1642	184.32791381663745
1643	200.34049285563867
1644	149.1391200054042
1645	189.8243310042108
1646	190.10795217168408
1647	168.24417593613273
1648	174.87635837277497
1649	164.0410816082741
1650	179.47261922470489
1651	192.84965545514314
1652	163.1568553385568
1653	172.0237074564549
1654	156.68188032924328
1655	185.3177564840759
1656	157.9804120785378
1657	188.03940647242325
1658	163.70918203176853
1659	176.13502184895418
1660	146.08575767993838
1661	116.98267195766515
1662	162.32549611529856
1663	176.1201575280087
1664	169.97409449642447
1665	157.5751185381249
1666	161.90650380271939
1667	135.84585491370936
1668	175.0313959782677
1669	186.21162479322214
1670	184.01901764729553
1671	150.20946461771663
1672	177.40084996944685
1673	183.8463675013032
1674	189.7893395089339
1675	138.8072155681797
1676	183.6970991428068
1677	170.21931955860038
1678	167.53344129186178
1679	178.46677994592451
1680	178.0669349695347
1681	159.80092529584803
1682	194.86173146955807
1683	179.64141509061508
1684	169.59332218526555
1685	203.82902546667196
1686	150.61728790028062
1687	181.66432623976272
1688	186.4599216231682
1689	133.02929747776184
1690	194.92690717789628
1691	180.9817258443794
1692	191.2282042412364
1693	174.47025825901574
1694	168.1962031872457
1695	198.11718548276457
1696	200.5629787978748
1697	204.4721543846824
1698	180.4345886505705
1699	186.48584136662288
1700	173.89677285796182
1701	196.36231399072778
1702	186.35189912645424
1703	183.31647205482668
1704	204.46907865217622
1705	209.2037420195804
1706	186.46653739387702
1707	191.6369145586132
1708	181.62751252530717
1709	146.43891523172292
1710	189.6996678307725
1711	199.81268945280647
1712	165.47203348664567
1713	209.37973135637486
1714	179.93039877749936
1715	206.35962236701445
1716	200.74762279297747
1717	179.09987107444695
1718	197.11949156430632
1719	187.76016221981862
1720	200.51335827743222
1721	196.8054043040784
1722	194.7833808355846
1723	190.7948804277601
1724	175.7173576687603
1725	192.89325893677898
1726	178.9266893551016
1727	197.08181632365395
1728	194.2626663620684
1729	193.29886688704903
1730	188.52744765322362
1731	195.61242037331755
1732	193.9202965102249
1733	173.93040444676558
1734	193.80477166827256
1735	188.39417735056173
1736	179.30270890406513
1737	134.65645465620253
1738	192.19887076849457
1739	183.4134742992317
1740	197.79439601682012
1741	188.64502989178834
1742	188.27654663481684
1743	163.5610681490641
1744	186.31308024180476
1745	195.0249953791069
1746	132.2969132024627
1747	189.86085318752174
1748	196.15521625560106
1749	187.18200417252658
1750	195.5658924400136
1751	170.45142501636667
1752	199.13904083797277
1753	197.01985857074334
1754	57.881600057391736
1755	58.46465989080312
1756	185.68308828379259
1757	79.48907065317344
1758	67.02036991433866
1759	142.2917567211362
1760	201.2680535080699
1761	178.52878568445934
1762	193.8496027652919
1763	100.41001890864206
1764	198.37094444967744
1765	119.3585220964801
1766	104.45686375530688
1767	194.88878843739892
1768	144.71807959410756
1769	189.99842749933197
1770	190.9649488571635
1771	195.2833630608727
1772	158.2007698725074
1773	193.95523578767603
1774	201.07084616319338
1775	202.19817114257933
1776	128.12639978926893
1777	194.18615957828877
1778	132.0567984018999
1779	196.5899179074607
1780	154.96328059744587
1781	170.75693889650614
1782	162.61397100970095
1783	155.74148891580484
1784	175.2107724553069
1785	158.0146543373402
1786	172.83482134146436
1787	195.9666189776538
1788	191.897802007945
1789	168.62498211780797
1790	191.53001215772747
1791	187.64007714885483
1792	142.98823947251293
1793	129.90473099017478
1794	161.77822287231947
1795	196.0990119767214
1796	170.4683009566977
1797	186.52998637699804
1798	160.4753675825755
1799	166.24880422508667
1800	185.70475583663944
1801	180.76642516624392
1802	177.86815979915087
1803	191.8105467586334
1804	157.850930149074
1805	181.3425290598339
1806	175.55614992410602
1807	161.74303716041453
1808	174.6104903403646
1809	160.72833574844415
1810	192.70406588247715
1811	175.50543181954149
1812	153.2904837430188
1813	164.50484811163338
1814	158.96331827743464
1815	165.46693305417713
1816	167.53432661075746
1817	160.54729057842238
1818	186.92136583724562
1819	171.7558652562086
1820	184.711665682367
1821	162.6939678291971
1822	160.93791240103167
1823	142.82684257647472
1824	170.50103823961726
1825	182.56576362902723
1826	161.011316002359
1827	179.37089311485977
1828	172.0881560865027
1829	165.1511990520418
1830	173.92870545653406
1831	199.38961447898996
1832	156.30770156801975
1833	191.25048356020486
1834	184.89434880950637
1835	160.17413126474247
1836	165.618012896169
1837	170.4465821173847
1838	178.62380352094925
1839	165.59308430289676
1840	175.53947104764163
1841	187.13699257490276
1842	179.03494941721908
1843	157.17383514675456
1844	177.2759180375754
1845	161.08737090148244
1846	179.27316305950586
1847	170.4333975407919
1848	188.9565829239313
1849	174.2067509133002
1850	175.83411889276516
1851	182.40970952900386
1852	192.34446138855728
1853	200.49227960512764
1854	165.86740502683432
1855	176.6207822280167
1856	178.65101348244647
1857	165.84888559071067
1858	168.87986318921114
1859	151.30904122446225
1860	178.2287390738087
1861	183.71952751070663
1862	158.08916760288938
1863	146.7523097808983
1864	169.88912190449346
1865	194.54486884467644
1866	186.91995821359782
1867	172.39195208598935
1868	184.4539806530923
1869	182.20282901450716
1870	168.60396635737132
1871	166.5869333658878
1872	171.59238450052501
1873	180.29620657146114
1874	188.98202013341302
1875	189.30322347233803
1876	191.00330190686373
1877	177.88064257791626
1878	197.12638486738425
1879	181.7391729706387
1880	134.89209291786165
1881	200.1028203286287
1882	197.3779872928948
1883	210.2149267030824
1884	190.3115482411989
1885	186.18977085990156
1886	187.85482089204945
1887	175.42444597737284
1888	210.10898691878685
1889	145.37063750803668
1890	150.15678659105754
1891	161.71191273819076
1892	208.96853117651276
1893	150.64824079608476
1894	201.3468620879174
1895	198.6234244606974
1896	192.9537239489699
1897	215.34783070151792
1898	166.83997517659398
1899	185.83738331316584
1900	207.6844034098542
1901	187.75229565348945
1902	202.52224803004066
1903	193.86502290292867
1904	196.3620210667571
1905	177.19849073762956
1906	198.37788122590064
1907	203.403754865291
1908	210.4288127918787
1909	206.66919284958175
1910	198.05085282708882
1911	193.77165639932247
1912	201.5161767996828
1913	191.86701704348687
1914	200.14824349459244
1915	210.52426361206588
1916	188.50603827373988
1917	170.45530349993857
1918	194.22141845199238
1919	201.92877192423714
1920	198.45793809422986
1921	192.08983802569003
1922	196.34289581036677
1923	199.9455514200787
1924	199.8137946627248
1925	187.3922133482252
1926	194.6239056436875
1927	172.2905302345545
1928	190.64140851870272
1929	197.56705984331091
1930	191.26232167884876
1931	201.29672005956158
1932	182.13235061566814
1933	192.5928909213008
1934	187.31355184498193
1935	200.39113313685635
1936	182.71390216118522
1937	187.54662639267565
1938	197.53770124987224
1939	188.75669184401605
1940	203.22631605610124
1941	205.99954842418177
1942	209.2965679215271
1943	195.62429652103788
1944	172.5446712012612
1945	186.47702612335692
1946	202.00689339145504
1947	205.19567368938712
1948	204.59343042796309
1949	191.5131769718632
1950	199.56356561251158
1951	217.57876666001079
1952	197.6565569992272
1953	182.14794652369093
1954	207.19131301915434
1955	209.46386618624533
1956	194.4869207268842
1957	188.94946790958514
1958	185.59802082943673
1959	196.10816852882428
1960	204.70388985768966
1961	201.2421197708151
1962	176.63556126411746
1963	189.91212705113958
1964	202.62174761389423
1965	183.6650755043194
1966	181.3635282791769
1967	196.62430752057986
1968	186.59882695920388
1969	198.8206894084442
1970	173.25811160979887
1971	197.40756183072023
1972	202.58309073958927
1973	179.12464529447115
1974	195.712892364332
1975	216.20011840749686
1976	187.28696902298043
1977	204.0930555642244
1978	206.11187164437706
1979	183.6304835668483
1980	205.9966605298875
1981	207.1109440763593
1982	207.67956076479305
1983	216.2141679462093
1984	200.21775799672645
1985	208.69911191800867
1986	209.76103170771577
1987	199.49795094744158
1988	199.32003397182132
1989	222.293782150862
1990	199.53209526204722
1991	215.35745642357054
1992	202.19565514457824
1993	205.1006475737075
1994	193.46091517678298
1995	197.70875981108924
1996	213.26030793817017
1997	205.12772872205997
1998	212.5084554074138
1999	203.45986500093224
2000	192.83442306066172
2001	194.2575815262346
2002	197.7166570632485
2003	196.49306382413937
2004	196.5346263476577
2005	216.48980264934903
2006	201.85729139182436
2007	218.93032465967357
2008	211.48783936504842
