1	-5.923448846974566
2	-14.796203460264454
3	2.1911454469855833
4	-2.1700458936016034
5	-47.802323451560824
6	-4.606176799210687
7	-23.299834106456252
8	2.1263848380358112
9	-14.446428268087647
10	-32.6063731399598
11	-11.913586608732945
12	-11.55625980012643
13	-3.6288592957729477
14	-8.574927685147774
15	-15.667371935609133
16	8.746552415069164
17	-7.646957142716756
18	-37.21697230314778
19	-18.15336111804341
20	-18.16661710217839
21	-13.371483440465987
22	-13.549099726253617
23	-11.316614791368732
24	8.860038763327957
25	8.660648978033642
26	-26.49456922535734
27	22.19892303945323
28	-12.24011883437463
29	-4.142871935201082
30	4.058356848546939
31	-6.569382277176082
32	-19.87890960873256
33	-2.4750376513486287
34	-23.826409240449642
35	-17.52979643420539
36	-23.188585563184745
37	-11.865849304635992
38	-23.42571499326569
39	-35.343719745492294
40	-15.304232542130745
41	10.691353243791234
42	-15.071514198046698
43	-15.557251770202878
44	-5.9897372156432045
45	-25.557531669614058
46	-7.939588263710547
47	3.3159228365385616
48	-22.947512512984602
49	-4.957568103577248
50	-17.895893569522613
51	4.405385130285673
52	-27.990650542718576
53	-25.860172317953555
54	-25.102605865486836
55	-30.776340112877207
56	-30.825789827178028
57	-28.97027599407749
58	-31.14266399758717
59	-22.594112580285447
60	-31.445490596195683
61	-19.195950101806375
62	-21.562405353753853
63	-20.242934038853296
64	-17.58119985480004
65	-16.799445016667114
66	-17.093590026482687
67	-16.783953853274777
68	-18.377128782353378
69	-19.289439140940704
70	-17.135555014249572
71	-19.22792780824329
72	-19.369822201204038
73	-19.13024270606143
74	-21.912746005304978
75	-18.802463569217803
76	-19.60228405428897
77	-21.075901458395567
78	-21.216618584958976
79	-16.927294688190358
80	-21.239143136598894
81	-20.028489271068597
82	2.8937113132096393
83	-2.970244063778516
84	-2.5949754901157505
85	-19.379419864095656
86	-22.94699923835137
87	-15.6847876502327
88	-35.110738807750934
89	-16.47990908675451
90	-19.058524747599314
91	-21.46899201964814
92	-19.898234745739643
93	-21.470142041085044
94	-21.63189186011394
95	-19.08287519493773
96	-23.2125806004271
97	-25.077837988080542
98	-34.149777926756954
99	-43.6192537913885
100	-32.500547397563274
101	-47.5901920125354
102	-20.172537783089158
103	-29.17982103796942
104	-33.65244279930364
105	-32.51436508619662
106	-30.465257237933464
107	-30.98618450460973
108	-30.219287680085262
109	-33.836052114520754
110	-34.172082765034766
111	-42.479020195838565
112	-36.310179729480325
113	-27.8261947410482
114	-20.290977392747422
115	-20.650780629651397
116	-35.56843387071747
117	-61.692882023180246
118	-20.004945615923464
119	-17.969228705576707
120	-16.648336718029466
121	-32.14691573286825
122	-25.049460801886745
123	-33.477798175806505
124	-26.171643075192833
125	-31.606976779982755
126	-15.206030331027243
127	-14.049702991542535
128	-21.91316797769485
129	-22.885515144695916
130	-17.930619764278454
131	-36.37626996677842
132	-22.795875997156102
133	-12.57252704610187
134	-17.885987625670708
135	-40.416448643075256
136	-48.262719766670656
137	-19.19323531977985
138	-8.783601459102321
139	-93.30782660208394
140	-26.420424280663646
141	-41.68143389346675
142	-40.43479282598926
143	-29.791235695017146
144	-40.1945663937321
145	-18.891107992592403
146	-54.53038095352781
147	-51.21727406007693
148	-28.25289300512879
149	-45.28427553341578
150	-26.201780309154273
151	-34.4978034257775
152	-28.685579341596565
153	-32.66375241445958
154	-27.094913010845296
155	-29.19626411798597
156	-37.70876295062412
157	-13.612452168894837
158	-22.80830050558268
159	-17.739327509573098
160	-11.478410134468593
161	-3.493668979807296
162	-1.7808744384179178
163	-8.633682436239257
164	-4.502382279838894
165	22.729881027721497
166	19.996134287621363
167	2.499398784190955
168	18.189979890601993
169	32.7426705841641
170	14.380154123176812
171	-7.8789840372472675
172	-12.916205327609598
173	-10.413698947646234
174	-19.77262894606767
175	-32.54645369477933
176	-32.04185485400125
177	-13.870096394902163
178	-42.40297189148834
179	-8.390483376345472
180	-2.3803565938007374
181	-30.63448097482268
182	38.176090900388694
183	66.15889758466479
184	17.81640584139376
185	8.859922236814914
186	-37.06597187105007
187	22.01851880238885
188	1.2071114817872015
189	-4.329971232483931
190	14.769667246855256
191	26.163877511161626
192	-7.896685887680434
193	18.0448379226725
194	15.742670111644255
195	0.5738952952905301
196	3.769224475403348
197	-24.846027754760765
198	10.692043957500495
199	3.3505852656448454
200	56.28304687143578
201	38.29318071189067
202	9.519704953377179
203	36.437374211311095
204	-12.554581395029516
205	48.83015603467229
206	40.03429831841342
207	9.546234310621756
208	19.5921059555034
209	109.15067809302624
210	27.841326040559537
211	25.665155842021324
212	36.40164587901379
213	34.91053688174943
214	26.68522823317751
215	20.529384365240343
216	86.87519315687182
217	39.056254376198794
218	31.526056261700695
219	39.859332296696834
220	43.08150570528247
221	54.41937976410698
222	52.11271685297059
223	40.5888182692499
224	63.7817403636543
225	51.641743941494624
226	6.04306905097685
227	-7.508122528062666
228	50.99355453389256
229	21.974699815851345
230	-6.838745886967047
231	-31.888591144146208
232	-54.73392186711466
233	110.96193846682624
234	-1.7725029848691847
235	46.73766675089489
236	104.95950860614789
237	41.40151797051679
238	30.11377874683526
239	32.23978062711774
240	47.21350773649358
241	31.831659842190177
242	83.83053334040976
243	78.97153421044922
244	-9.101033899065705
245	72.34516198025409
246	45.33752615464367
247	126.84766783761194
248	97.09427219196567
249	3.4994851276128536
250	49.757429810386036
251	111.09034106160682
252	63.24555999234529
253	56.284441674410466
254	18.485570053067434
255	64.89757341954898
256	40.524406164390875
257	-31.110187042586674
258	168.21824300718296
259	133.19975425986192
260	55.75224323353192
261	45.31123551051991
262	43.63852888342025
263	62.80981716233977
264	34.133244594681656
265	129.80115300565677
266	39.248895297034565
267	25.503977522660893
268	84.13696949741853
269	38.179301318259135
270	124.43376844084398
271	27.882233628870846
272	64.2984634450868
273	76.0008564729158
274	114.26656048802802
275	35.00417566035609
276	72.40657155470129
277	135.8199118760484
278	79.71182227735159
279	143.27117239249552
280	5.854978856727467
281	139.9340599565981
282	122.70725179483769
283	29.922031424745676
284	20.191828991287917
285	5.617484670025501
286	112.15450245677413
287	23.43920301083607
288	83.24816276861908
289	83.27529150592747
290	111.48301387333315
291	-14.251920839303482
292	94.76679582240608
293	171.70723539462753
294	34.485556463965445
295	119.6557618281978
296	274.40978437010494
297	269.28666904043007
298	49.57849100879476
299	278.265891301871
300	192.75293113943968
301	155.55101233521546
302	128.3145533865114
303	134.81544375280268
304	119.41692313762563
305	67.22444666829226
306	40.24833310936094
307	241.58093615091798
308	149.25267519296173
309	164.21247624597552
310	200.1534650634812
311	154.3427543935967
312	17.83740479742062
313	189.49603999717806
314	43.08603885665044
315	188.21426829635718
316	3.4579036454147136
317	21.445856871338638
318	0.5883291858280053
319	207.8030721432176
320	-44.008772905263015
321	220.81270724497418
322	2.7475715952968116
323	20.837160137185855
324	-19.206278534841555
325	39.143814317861754
326	119.81344762577247
327	12.565070674703925
328	117.65650600084342
329	102.46231741316836
330	106.13792765155631
331	154.08976423368816
332	29.11197715522222
333	58.70568233689418
334	166.00670503786404
335	70.42328484218254
336	172.24807626728543
337	243.82033808014145
338	237.62314572580098
339	131.92549962236947
340	22.882245800671768
341	200.51401170009305
342	220.7474288369282
343	154.17470554205397
344	119.37643909398284
345	67.56521727454333
346	216.28736300350693
347	116.84718452837882
348	155.83314342392984
349	315.12554915596155
350	291.26783501530286
351	339.75526975680475
352	269.55703732710896
353	284.2109268214444
354	273.39555777058047
355	248.02043979790545
356	75.01034486138882
357	239.34630449074086
358	316.53551349825636
359	274.3409415443767
360	253.24528707664302
361	128.10618472257525
362	254.43071805879555
363	174.25137347151252
364	219.45765081653732
365	136.5741872928651
366	190.22471703933022
367	177.07008101254587
368	184.78187400071855
369	217.95304444458637
370	259.99880748137235
371	254.59585938938216
372	259.7743933713398
373	297.7692911768305
374	271.3312031558744
375	240.7982823707384
376	317.68968969437117
377	196.09621825556675
378	324.8556228716281
379	278.01083944422294
380	214.1375056832481
381	244.29838544851734
382	320.06646349284233
383	268.6910789665474
384	213.80466203260505
385	241.98933199446384
386	221.56476151782408
387	236.11474315998058
388	228.9698559789244
389	314.1567042530036
390	292.5362799876454
391	266.90443846590534
392	289.7939459607187
393	238.8377460568858
394	29.29514209621425
395	273.2840400995975
396	267.0224969963583
397	275.59376247743785
398	282.6955424795875
399	365.7971969251061
400	268.12196923461727
401	312.20368372154445
402	304.9900525512747
403	247.34648512101592
404	60.16840603170694
405	87.91051741950972
406	353.24442642357343
407	260.8044672416397
408	263.0623493853008
409	254.56417828538065
410	313.85061277613437
411	338.28674303166656
412	332.48717723698906
413	302.56072149688725
414	286.59248641803475
415	285.9476900285204
416	128.46361662203023
417	284.7550073768557
418	377.97883188404876
419	345.88298949092115
420	320.21590613890396
421	251.967850046569
422	223.04403107697303
423	326.6239462537475
424	268.7804633603578
425	48.99336777540566
426	184.51877431218205
427	272.9682704177791
428	289.8848392920643
429	137.17399616429435
430	304.0463417647915
431	93.73092114258779
432	284.59908832052093
433	297.3223200117839
434	59.327505377680026
435	273.8732683156112
436	317.83855655597995
437	254.18251272496937
438	76.7270695236224
439	269.17799297393026
440	272.2341091320279
441	282.3115021414938
442	293.6147592339818
443	287.70909778181436
444	295.1860651825624
445	283.6366363969586
446	282.3862929455443
447	309.36972541267386
448	303.6906140944298
449	308.97268821044497
450	314.36383985351534
451	293.7167543868529
452	298.90354658122794
453	276.23865468026054
454	336.89444070549047
455	320.76398583703934
456	310.1032496746907
457	298.24183041708574
458	322.6101020097901
459	322.1951176914431
460	309.44817685620495
461	298.0148662837577
462	354.30655926449043
463	280.12774412263997
464	282.7867241902108
465	340.4759416330501
466	247.26593775231805
467	177.3991688092145
468	296.22071713772266
469	297.32270882432954
470	271.957872111552
471	266.198520051192
472	314.4991835740591
473	322.35694144474166
474	119.79948518615569
475	320.39564900288383
476	316.53953197661025
477	321.7237668377927
478	327.19221677045965
479	326.65375152315147
480	289.46132850653714
481	285.50097323031616
482	267.69323129008257
483	316.95467040814265
484	337.5458676167625
485	338.12399382920853
486	301.5270559309481
487	200.1032828077167
488	293.9065957097931
489	299.0471038036614
490	338.3616401405878
491	320.77756707075605
492	351.0363758697791
493	337.07602008834607
494	337.4783251020408
495	302.7425059746552
496	311.5403451274128
497	353.1018033792064
498	380.71665182352217
499	312.8860241753771
500	304.85063345982917
501	315.2864158210361
502	303.34819094075357
503	299.08271831323714
504	311.9644702618858
505	325.28170904595413
506	279.4133492630463
507	309.521378528259
508	363.8817487649425
509	323.6310350157549
510	319.45345920145246
511	301.4500541724748
512	350.6223305483674
513	336.44050387167897
514	360.93194716289895
515	317.48767840033344
516	287.7938338650977
517	326.00021077541834
518	338.6994254834131
519	279.89339724596016
520	344.33849188846204
521	306.2619809375725
522	300.4242546815545
523	411.03079346312256
524	343.3238648028065
525	306.11290424846754
526	317.0388585296951
527	339.8890101445334
528	325.3607906283447
529	323.26477281292233
530	362.6534677142856
531	348.30790179042197
532	341.86759173840125
533	342.5248867372011
534	336.8955219309994
535	345.61368760889684
536	323.43791533063205
537	333.0362309578887
538	326.1222129186895
539	343.0320627426702
540	321.4098708681677
541	332.91080379398875
542	325.8302545687275
543	328.61041353318564
544	221.199498285542
545	356.8810628728921
546	335.1187027974855
547	376.20144497738625
548	310.4348414551904
549	328.1481127462917
550	344.3300839272717
551	306.5095220672048
552	404.62051480435514
553	336.8671162277729
554	337.45246778452844
555	310.3799284464309
556	364.0183983282809
557	366.6018556576875
558	351.27323342689044
559	315.6688704056854
560	297.6624298785774
561	365.81262002914036
562	313.40571766675976
563	297.40539607182046
564	380.1705237210538
565	338.20317248291883
566	388.4226927447666
567	360.67707196198694
568	430.4299504739991
569	383.4051191457532
570	386.8104053838649
571	357.6507778336412
572	365.9265332643006
573	365.0263760918569
574	351.4846056610864
575	341.8077760682589
576	310.4830704091059
577	358.2833782886965
578	352.07357432544353
579	353.7684039338548
580	383.013269437673
581	379.56568661261065
582	312.74675607107264
583	372.30514511261305
584	314.0587004514813
585	330.70146247858423
586	308.95260206866834
587	371.22750242470875
588	335.1882752021323
589	308.93310271908587
590	343.5744649071195
591	324.0299412370712
592	334.991879977226
593	335.23121614035006
594	347.93781791430047
595	354.05732365703506
596	324.84188289251216
597	379.5840069881423
598	334.8699385920648
599	323.8585124901835
600	353.1410841579343
601	309.2680918908487
602	324.6700823914357
603	362.89530455995464
604	304.90403634388093
605	351.9424504018024
606	287.59620670621587
607	338.7637299584507
608	316.436230386905
609	284.95329401345384
610	247.21890074193468
611	344.6554799352583
612	308.22341644438393
613	335.14258595741796
614	314.5060032466806
615	326.7983360239418
616	301.4100371294931
617	296.36582918532997
618	319.304305925577
619	316.8306959738174
620	328.2302228475499
621	334.7921905427064
622	329.56581352384063
623	285.3939906677668
624	296.2877350407303
625	270.84197064362075
626	332.0742418544181
627	330.27749764365257
628	305.1153619254914
629	292.8311943334786
630	296.94967172113496
631	302.95574054148057
632	302.9560928502826
633	316.236451556184
634	310.45386395167435
635	336.59239802865085
636	329.27837521425823
637	300.10266531987065
638	317.1144868068354
639	336.17785652283425
640	315.5576909539452
641	332.2493990155665
642	313.6754822195267
643	360.64078700022293
644	364.07311381847495
645	330.52337024899674
646	363.63867537979644
647	327.11525952632167
648	348.5025134060212
649	316.0929645968341
650	348.50139121960063
651	395.01342243415303
652	312.8603949877593
653	382.2934127005189
654	376.764550778243
655	363.23896175951324
656	310.9678432625483
657	353.1150764768155
658	297.12180633290376
659	371.53060413628907
660	331.8344677738396
661	330.78974597106543
662	328.75606169768747
663	333.7058052822146
664	278.5895128740287
665	276.4870737748019
666	304.4378785630508
667	330.75577983921744
668	335.95581953686775
669	304.83186323969426
670	301.83849266015784
671	340.0528156964851
672	329.16840300277335
673	330.0197141964176
674	328.9947718240886
675	321.17143483555856
676	332.52887325140495
677	333.35965761650687
678	319.7836952479617
679	339.56495828448004
680	337.29124633233846
681	336.8806036999539
682	325.97854077026244
683	336.87054791107926
684	346.8388969862396
685	305.39223804712697
686	334.2330187949743
687	290.78732068961654
688	313.6345299913021
689	314.0080476786818
690	321.8089991353254
691	309.7622703362107
692	339.2936816589079
693	316.34587276638223
694	309.9651903539753
695	298.4243234842208
696	309.78690315438416
697	334.33826085941854
698	302.05424123268403
699	305.3262743666975
700	326.92029810531756
701	350.7278619658507
702	336.7873440528044
703	289.83633252229106
704	352.4487987483074
705	329.873263647305
706	345.40864013190105
707	336.45132058691826
708	333.73567654300984
709	316.3989260503692
710	352.02212776438876
711	298.56667791104917
712	333.239368580668
713	332.7952318503423
714	310.83467910321633
715	287.05241609080207
716	296.65640584267516
717	294.7656606496998
718	323.8854040188074
719	300.45013853202136
720	391.10006632930583
721	304.807486165871
722	294.94699012683213
723	250.34843860701272
724	327.5154690654273
725	345.9133937890579
726	375.7289065497666
727	357.02900777177916
728	331.31163548074846
729	365.56351716109015
730	358.9176258111601
731	341.35796375432125
732	341.14279973567795
733	350.21111325414654
734	358.0854996573052
735	390.8984418949088
736	361.40832038876687
737	346.9235008544615
738	347.6293714521858
739	361.343342869517
740	406.3224681002024
741	321.88378239120453
742	387.8769261500349
743	327.912753882902
744	321.05218787830376
745	327.17055285862915
746	311.58148140627594
747	320.47649561288586
748	314.5455211976566
749	301.4904614050653
750	333.95174663401093
751	314.82041214205475
752	303.15797608012383
753	316.15743455864384
754	316.6436222622786
755	320.48880983804304
756	316.0494483340101
757	274.26273139281477
758	347.58550806849155
759	351.21836641342304
760	334.222834266954
761	343.2164484531102
762	375.75363666976506
763	269.5220673820608
764	313.15844087110327
765	377.862330780319
766	333.402074966781
767	331.3790378207661
768	353.0562836526078
769	365.5974797439901
770	323.71811929241085
771	345.5175834682922
772	339.1684137164473
773	308.8374945995208
774	279.2251704950128
775	385.60678855116805
776	330.3892381593972
777	278.16369433719956
778	289.4446035940358
779	342.39302530769453
780	293.5799016359054
781	353.27990952894515
782	298.03733217675136
783	272.9595868789201
784	315.03670659706415
785	268.0031659657588
786	270.8746389447375
787	261.67405092018976
788	325.1005948276387
789	350.71290623699366
790	268.057841913814
791	327.8026255997469
792	291.0554037559528
793	294.06688130761864
794	308.5843521954964
795	329.1155297694921
796	336.1651345386389
797	324.0681883421069
798	329.02974820086547
799	335.3464585194969
800	325.30222637405876
801	367.05414848504864
802	350.2475248574841
803	344.1846899401839
804	400.0333989698315
805	317.2886899663576
806	329.5007638747423
807	357.0359557918489
808	311.879309822725
809	323.20718439153217
810	304.9490109574767
811	318.6767346467961
812	290.71520055385673
813	303.47408391498493
814	330.5332872975931
815	361.8966226768676
816	339.34956756002833
817	362.21994843871414
818	332.74514778897554
819	338.80153128064234
820	325.1445441761417
821	333.37216194125403
822	350.11399460329517
823	235.0117441190742
824	334.99884978423955
825	336.13838439750407
826	351.6841940739065
827	349.7531668492705
828	354.2311110528678
829	332.75087681267297
830	369.330145313798
831	232.98776984275815
832	344.1742678585635
833	315.73816798872866
834	341.34026614182227
835	306.963678001583
836	305.23440589781694
837	149.05588646558476
838	292.6597132046186
839	258.0589833289829
840	299.00740724149216
841	225.8980395671947
842	323.3194958077487
843	325.61188897367947
844	323.96656368363756
845	338.93184062387445
846	353.17185010363596
847	283.93979658522755
848	317.83275589075345
849	314.1989420334264
850	317.4588449080409
851	333.8837748759732
852	328.55395992010784
853	344.69682340085495
854	332.97514272983256
855	382.4483571895606
856	366.1724108551447
857	347.1743414035931
858	367.2378325456136
859	339.48764886262694
860	349.06707809491223
861	318.85765713895574
862	359.13770079839594
863	353.1970629137834
864	329.79022208565567
865	317.4083991101182
866	145.54272775958378
867	331.325813978211
868	360.79507245614667
869	365.65692380038536
870	295.5409784797705
871	319.83867569666984
872	252.84717990800436
873	142.40260717200667
874	280.40963076244907
875	297.57354638748774
876	316.44360213735933
877	129.9394700675779
878	324.03812365986363
879	326.7448625116156
880	337.20488568486337
881	329.0699128579328
882	123.12705881752511
883	327.98888966810114
884	305.70936709249094
885	309.3826576396214
886	340.06638064891507
887	213.2080442536343
888	311.9630636623168
889	278.85663762412753
890	300.5457458428764
891	315.7802239504095
892	325.3934405245621
893	316.9836723163535
894	337.84355518137255
895	300.34580096408126
896	308.3972643737171
897	320.7054563375534
898	327.5785887195249
899	298.7733147062017
900	290.32590679321834
1	-5.923448846974567
2	-14.796203460264454
3	2.191145446985587
4	-2.1700458936015785
5	-47.80232345156095
6	-4.6061767992107026
7	-23.29983410645625
8	2.1263848380357793
9	-14.44642826808765
10	-32.60637313995979
11	-11.913586608732965
12	-11.556259800126425
13	-3.6288592957729584
14	-8.574927685147776
15	-15.667371935609133
16	8.746552415069168
17	-7.6469571427167775
18	-37.21697230314777
19	-18.15336111804341
20	-18.166617102178392
21	-13.37148344046599
22	-13.549099726253612
23	-11.316614791368737
24	8.860038763327953
25	8.660648978033645
26	-26.494569225357353
27	22.19892303945323
28	-12.240118834374643
29	-4.142871935201079
30	4.058356848546929
31	-6.569382277176073
32	-19.878909608732556
33	-2.4750376513486465
34	-23.82640924044967
35	-17.529796434205394
36	-23.188585563184738
37	-11.865849304635987
38	-23.42571499326569
39	-35.343719745492294
40	-15.304232542130757
41	10.691353243791234
42	-15.07151419804672
43	-15.557251770202878
44	-5.989737215643208
45	-25.55753166961406
46	-7.93958826371054
47	3.3159228365385616
48	-22.94751251298461
49	-4.95756810357725
50	-17.8958935695226
51	4.405385130285662
52	-23.444247049289487
53	-21.023876893600544
54	-19.455892710775856
55	-20.913705960500824
56	-20.031674895428413
57	-21.015312926938478
58	-19.81095345162099
59	-19.431078944772498
60	-19.33508082311708
61	-19.72988998017793
62	-19.258615648843907
63	-19.290228544878786
64	-19.25552771712675
65	-19.852085463963796
66	-19.72166681100567
67	-19.18296370120629
68	-19.01646991092979
69	-20.304073950417585
70	-20.658800188600097
71	-19.287793470385484
72	-21.67641682698078
73	-21.6474799666781
74	-22.32924580732936
75	-20.296739344488458
76	-21.972923399963424
77	-21.85197158949094
78	-22.177359081004376
79	-20.626159296213668
80	-22.091850807681265
81	-23.01809990432373
82	-19.65216995111183
83	-21.50214617512464
84	-21.20885127848015
85	-21.739272159257908
86	-20.558301815994525
87	-22.271671559599753
88	-23.529689728014638
89	-22.34817350172733
90	-24.301104728966735
91	-20.94719707362137
92	-22.415116400562063
93	-42.0960499014464
94	-44.36170876682655
95	-21.729974279453728
96	-20.12564020614236
97	-22.2461205975854
98	-20.704215784290827
99	-20.42003419197047
100	-21.909034379765234
101	-21.56345212197383
102	-22.119638321956973
103	-23.106133649596053
104	-22.10420669274783
105	-20.46203250331614
106	-22.82815424105449
107	-21.96211382165786
108	-21.25181157696579
109	-19.77417563378617
110	-20.33241929470328
111	-22.318399632911024
112	-21.29682876546384
113	-22.110510679739527
114	-22.42262647056177
115	-21.93381066533682
116	-23.24379580763984
117	-23.148747852712287
118	-22.61405898806322
119	-20.94289603686004
120	-20.40597700361096
121	-22.404588274610912
122	-22.494598081889553
123	-22.205474117303936
124	-21.102644258910072
125	-19.74399173640007
126	-22.331537703063944
127	-21.11350733617409
128	-20.084998691186176
129	-19.935757545856553
130	-22.29511460985994
131	-19.656439643400024
132	-22.819713628063997
133	-19.10457446188468
134	-30.10124187512639
135	-22.183487522389573
136	-21.344838091525105
137	-16.48863422305043
138	-48.431893193052346
139	5.414420207203186
140	-22.01627201770265
141	-24.238432621923504
142	-20.597382218393644
143	-28.821478513165207
144	-0.7779007167708407
145	-31.755329063083412
146	-66.33361354515901
147	-21.756760058027723
148	-19.33616108599274
149	-31.63517530399872
150	-22.72550746699411
151	-22.379470859356495
152	-25.416613762876928
153	-20.755887913385845
154	-28.47887461762525
155	-27.47072621718713
156	-41.888479507041396
157	-28.40510755559265
158	-36.90630457953664
159	-46.67259651820896
160	-10.426249820639264
161	-25.536644156482495
162	-21.658613007314163
163	-45.58139593377861
164	-15.941634470606079
165	-49.18582030716114
166	-20.35900274924814
167	-18.691848333256935
168	-33.011309665337734
169	1.3277316201815665
170	-6.93459089191656
171	-2.006911447502876
172	-29.040069416423197
173	5.244327141635463
174	-10.45705501425072
175	5.458965367646119
176	3.6239849422025117
177	-13.893348100722896
178	-35.474183730463096
179	-22.51436783735752
180	13.862794846624329
181	-29.70702613355452
182	-25.95885891842607
183	33.18077815615723
184	-29.316936050695197
185	-26.637553091746028
186	-3.658645489700625
187	-16.990166136172547
188	-1.8121025468120955
189	-2.1905676393536915
190	0.8139092807736112
191	-95.81546054857648
192	-5.577967467841219
193	-8.849364835021163
194	-8.200488868986382
195	4.8917518238071445
196	5.347611951179676
197	-9.529356288292195
198	-34.52214157935691
199	-14.039891125329698
200	-39.7034734784285
201	-0.9262530876289787
202	-32.5831012455147
203	-31.786121385526698
204	-34.36832096152321
205	-36.53611180526757
206	-38.34846708571905
207	-30.685575678801207
208	-33.98812486213912
209	-41.884918617296876
210	-30.703253660289164
211	-38.6113972956005
212	-62.90767896534814
213	-13.750046720393039
214	-33.143346262972024
215	-13.299179721925022
216	-35.074348353495736
217	4.745613893626505
218	4.634684824531114
219	1.243230147930614
220	-15.998010702966226
221	-3.8001497321497126
222	14.431776820421767
223	9.500373824807227
224	26.56164062583447
225	11.071652751157043
226	4.107825238367276
227	3.9198591720132896
228	7.32463598441246
229	34.901482765243784
230	27.252597691655772
231	26.325589112580477
232	27.965973131920123
233	21.100576301129863
234	4.199646412474468
235	24.62007266772958
236	20.063085466387335
237	50.87100431525171
238	62.5358842428044
239	0.6422714973104249
240	39.878312784034534
241	24.109296102765338
242	178.9139795958035
243	4.247458642043725
244	-18.546051132638755
245	-18.622582249368968
246	-0.5134820473536976
247	1.1449679679054192
248	-23.473504536987193
249	-17.456040009212558
250	-0.842091616632139
251	-26.460351739439982
252	-19.71532810537842
253	-28.389536999357297
254	-29.310881086444084
255	-21.792927546732496
256	-11.823600175818372
257	-16.91625986803122
258	-16.873137036872624
259	-27.20041344828801
260	-18.88547112740498
261	-12.239234170731743
262	-18.19661199297239
263	-16.083005548028744
264	-31.896873924047725
265	-14.919494147030745
266	-85.97710876341425
267	-21.119127074617424
268	-23.97219198719865
269	43.47340652523942
270	12.750145031761146
271	45.2338378560215
272	-0.9988415146133818
273	32.20581147142049
274	55.22531787853451
275	83.3718791896753
276	39.560839793066876
277	42.94312416658168
278	44.892961594822694
279	37.17707107871938
280	72.20821424054375
281	46.00937977269301
282	-10.01919407388646
283	10.300804577753365
284	40.70404457753835
285	37.6679954761307
286	17.000821563885655
287	97.99029643729521
288	119.65961935724017
289	328.70309275715863
290	237.06491719341605
291	343.5935264389297
292	132.44181538211183
293	89.24596476996678
294	52.29582103420224
295	47.198134326756744
296	57.00778109148477
297	326.5904836118484
298	111.75027097299714
299	156.72873657968583
300	308.1341254270032
301	284.15732318163157
302	210.07564577672596
303	104.62864740402375
304	144.76397323170477
305	115.61414187145269
306	22.022037267605015
307	37.60273411990504
308	73.40323793836062
309	63.55423575461136
310	59.16363519146749
311	75.67794377268572
312	135.876519080976
313	-29.460265493917976
314	20.53699677075307
315	34.55149050440737
316	209.14469206348954
317	23.603245212190526
318	-37.681920342418465
319	-17.93309435123286
320	-4.918515469496699
321	-18.832833502178282
322	13.825104928360595
323	14.595965690040998
324	59.609804628424826
325	87.36882169290993
326	68.5156521762874
327	38.684481495925255
328	107.53366038318332
329	151.10062218292384
330	119.12255842829781
331	101.19471897808202
332	190.15793969027624
333	178.93488670907112
334	175.11697887624769
335	145.44452992140447
336	206.56180322460366
337	199.39869042757772
338	61.289517261494446
339	32.63619191776245
340	80.62157748988747
341	26.465601683572235
342	27.1403936013516
343	299.3750026092316
344	166.14407052851345
345	-3.1969915276634673
346	78.54447888453964
347	95.83439113170397
348	108.89440548878936
349	57.80484877838508
350	143.885362218953
351	104.70025957470467
352	224.3166717656932
353	181.63967649807904
354	293.1113976352274
355	319.4993455345943
356	264.8944242066684
357	80.54301059351371
358	67.7026006172239
359	102.32879449080487
360	105.45700515685218
1	-5.923448846974567
2	-14.796203460264454
3	2.191145446985587
4	-2.1700458936015785
5	-47.80232345156095
6	-4.6061767992107026
7	-23.29983410645625
8	2.1263848380357793
9	-14.44642826808765
10	-32.60637313995979
11	-11.913586608732965
12	-11.556259800126425
13	-3.6288592957729584
14	-8.574927685147776
1	-5.923448846974567
2	-14.796203460264454
3	2.191145446985587
4	-2.1700458936015785
5	-47.80232345156095
6	-4.6061767992107026
7	-23.29983410645625
8	2.1263848380357793
9	-14.44642826808765
10	-32.60637313995979
11	-11.913586608732965
12	-11.556259800126425
13	-3.6288592957729584
14	-8.574927685147776
15	-15.667371935609133
16	8.746552415069168
17	-7.6469571427167775
18	-37.21697230314777
19	-18.15336111804341
20	-18.166617102178392
21	-13.37148344046599
22	-13.549099726253612
23	-11.316614791368737
24	8.860038763327953
25	8.660648978033645
26	-26.494569225357353
27	22.19892303945323
28	-12.240118834374643
29	-4.142871935201079
30	4.058356848546929
31	-6.569382277176073
32	-19.878909608732556
33	-2.4750376513486465
34	-23.82640924044967
35	-17.529796434205394
36	-23.188585563184738
37	-11.865849304635987
38	-23.42571499326569
39	-35.343719745492294
40	-15.304232542130757
41	10.691353243791234
42	-15.07151419804672
43	-15.557251770202878
44	-5.989737215643208
45	-25.55753166961406
46	-7.93958826371054
47	3.3159228365385616
48	-22.94751251298461
49	-4.95756810357725
50	-17.8958935695226
51	4.405385130285662
52	-23.444247049289487
53	-21.023876893600544
54	-19.455892710775856
55	-20.913705960500824
56	-20.031674895428413
57	-21.015312926938478
58	-19.81095345162099
59	-19.431078944772498
60	-19.33508082311708
61	-19.72988998017793
62	-19.258615648843907
63	-19.290228544878786
64	-19.25552771712675
65	-19.852085463963796
66	-19.72166681100567
67	-19.18296370120629
68	-19.01646991092979
69	-20.304073950417585
70	-20.658800188600097
71	-19.287793470385484
72	-21.67641682698078
73	-21.6474799666781
74	-22.32924580732936
75	-20.296739344488458
76	-21.972923399963424
77	-21.85197158949094
78	-22.177359081004376
79	-20.626159296213668
80	-22.091850807681265
81	-23.01809990432373
82	-19.65216995111183
83	-21.50214617512464
84	-21.20885127848015
85	-21.739272159257908
86	-20.558301815994525
87	-22.271671559599753
88	-23.529689728014638
89	-22.34817350172733
90	-24.301104728966735
91	-20.94719707362137
92	-22.415116400562063
93	-42.0960499014464
94	-44.36170876682655
95	-21.729974279453728
96	-20.12564020614236
97	-22.2461205975854
98	-20.704215784290827
99	-20.42003419197047
100	-21.909034379765234
101	-21.56345212197383
102	-22.119638321956973
103	-23.106133649596053
104	-22.10420669274783
105	-20.46203250331614
106	-22.82815424105449
107	-21.96211382165786
108	-21.25181157696579
109	-19.77417563378617
110	-20.33241929470328
111	-22.318399632911024
112	-21.29682876546384
113	-22.110510679739527
114	-22.42262647056177
115	-21.93381066533682
116	-23.24379580763984
117	-23.148747852712287
118	-22.61405898806322
119	-20.94289603686004
120	-20.40597700361096
121	-22.404588274610912
122	-22.494598081889553
123	-22.205474117303936
124	-21.102644258910072
125	-19.74399173640007
126	-22.331537703063944
127	-21.11350733617409
128	-20.084998691186176
129	-19.935757545856553
130	-22.29511460985994
131	-19.656439643400024
132	-22.819713628063997
133	-19.10457446188468
134	-30.10124187512639
135	-22.183487522389573
136	-21.344838091525105
137	-16.48863422305043
138	-48.431893193052346
139	5.414420207203186
140	-22.01627201770265
141	-24.238432621923504
142	-20.597382218393644
143	-28.821478513165207
144	-0.7779007167708407
145	-31.755329063083412
146	-66.33361354515901
147	-21.756760058027723
148	-19.33616108599274
149	-31.63517530399872
150	-22.72550746699411
151	-22.379470859356495
152	-25.416613762876928
153	-20.755887913385845
154	-28.47887461762525
155	-27.47072621718713
156	-41.888479507041396
157	-28.40510755559265
158	-36.90630457953664
159	-46.67259651820896
160	-10.426249820639264
161	-25.536644156482495
162	-21.658613007314163
163	-45.58139593377861
164	-15.941634470606079
165	-49.18582030716114
166	-20.35900274924814
167	-18.691848333256935
168	-33.011309665337734
169	1.3277316201815665
170	-6.93459089191656
171	-2.006911447502876
172	-29.040069416423197
173	5.244327141635463
174	-10.45705501425072
175	5.458965367646119
176	3.6239849422025117
177	-13.893348100722896
178	-35.474183730463096
179	-22.51436783735752
180	13.862794846624329
181	-29.70702613355452
182	-25.95885891842607
183	33.18077815615723
184	-29.316936050695197
185	-26.637553091746028
186	-3.658645489700625
187	-16.990166136172547
188	-1.8121025468120955
189	-2.1905676393536915
190	0.8139092807736112
191	-95.81546054857648
192	-5.577967467841219
193	-8.849364835021163
194	-8.200488868986382
195	4.8917518238071445
196	5.347611951179676
197	-9.529356288292195
198	-34.52214157935691
199	-14.039891125329698
200	-39.7034734784285
201	-0.9262530876289787
202	-32.5831012455147
203	-31.786121385526698
204	-34.36832096152321
205	-36.53611180526757
206	-38.34846708571905
207	-30.685575678801207
208	-33.98812486213912
209	-41.884918617296876
210	-30.703253660289164
211	-38.6113972956005
212	-62.90767896534814
213	-13.750046720393039
214	-33.143346262972024
215	-13.299179721925022
216	-35.074348353495736
217	4.745613893626505
218	4.634684824531114
219	1.243230147930614
220	-15.998010702966226
221	-3.8001497321497126
222	14.431776820421767
223	9.500373824807227
224	26.56164062583447
225	11.071652751157043
226	4.107825238367276
227	3.9198591720132896
228	7.32463598441246
229	34.901482765243784
230	27.252597691655772
231	26.325589112580477
232	27.965973131920123
233	21.100576301129863
234	4.199646412474468
235	24.62007266772958
236	20.063085466387335
237	50.87100431525171
238	62.5358842428044
239	0.6422714973104249
240	39.878312784034534
241	24.109296102765338
242	178.9139795958035
243	4.247458642043725
244	-18.546051132638755
245	-18.622582249368968
246	-0.5134820473536976
247	1.1449679679054192
248	-23.473504536987193
249	-17.456040009212558
250	-0.842091616632139
251	-26.460351739439982
252	-19.71532810537842
253	-28.389536999357297
254	-29.310881086444084
255	-21.792927546732496
256	-11.823600175818372
257	-16.91625986803122
258	-16.873137036872624
259	-27.20041344828801
260	-18.88547112740498
261	-12.239234170731743
262	-18.19661199297239
263	-16.083005548028744
264	-31.896873924047725
265	-14.919494147030745
266	-85.97710876341425
267	-21.119127074617424
268	-23.97219198719865
269	43.47340652523942
270	12.750145031761146
271	45.2338378560215
272	-0.9988415146133818
273	32.20581147142049
274	55.22531787853451
275	83.3718791896753
276	39.560839793066876
277	42.94312416658168
278	44.892961594822694
279	37.17707107871938
280	72.20821424054375
281	46.00937977269301
282	-10.01919407388646
283	10.300804577753365
284	40.70404457753835
285	37.6679954761307
286	17.000821563885655
287	97.99029643729521
288	119.65961935724017
289	328.70309275715863
290	237.06491719341605
291	343.5935264389297
292	132.44181538211183
293	89.24596476996678
294	52.29582103420224
295	47.198134326756744
296	57.00778109148477
297	326.5904836118484
298	111.75027097299714
299	156.72873657968583
300	308.1341254270032
301	284.15732318163157
302	210.07564577672596
303	104.62864740402375
304	144.76397323170477
305	115.61414187145269
306	22.022037267605015
307	37.60273411990504
308	73.40323793836062
309	63.55423575461136
310	59.16363519146749
311	75.67794377268572
312	135.876519080976
313	-29.460265493917976
314	20.53699677075307
315	34.55149050440737
316	209.14469206348954
317	23.603245212190526
318	-37.681920342418465
319	-17.93309435123286
320	-4.918515469496699
321	-18.832833502178282
322	13.825104928360595
323	14.595965690040998
324	59.609804628424826
325	87.36882169290993
326	68.5156521762874
327	38.684481495925255
328	107.53366038318332
329	151.10062218292384
330	119.12255842829781
331	101.19471897808202
332	190.15793969027624
333	178.93488670907112
334	175.11697887624769
335	145.44452992140447
336	206.56180322460366
337	199.39869042757772
338	61.289517261494446
339	32.63619191776245
340	80.62157748988747
341	26.465601683572235
342	27.1403936013516
343	299.3750026092316
344	166.14407052851345
345	-3.1969915276634673
346	78.54447888453964
347	95.83439113170397
348	108.89440548878936
349	57.80484877838508
350	143.885362218953
351	104.70025957470467
352	224.3166717656932
353	181.63967649807904
354	293.1113976352274
355	319.4993455345943
356	264.8944242066684
357	80.54301059351371
358	67.7026006172239
359	102.32879449080487
360	105.45700515685218
361	116.23437802674648
362	172.50201371960912
363	219.38990028573994
364	138.07979227256493
365	101.6412253684366
366	397.12837616362657
367	255.03666910232343
368	334.7257811191271
369	266.29461944354364
370	337.97588332604084
371	327.0193836484077
372	300.4408806728923
373	359.1283087526366
374	338.2853769765902
375	341.2515537933954
376	236.8907811760368
377	283.6766494898489
378	314.8563968775712
379	273.61180093970074
380	217.2200431336374
381	213.09826360331834
382	262.5814592581743
383	211.29953351509934
384	208.55864011376295
385	248.26265209092236
386	189.2899928644162
387	151.3609963253759
388	136.48573079328622
389	219.32694053287074
390	297.0189120014248
391	106.66026694261512
392	264.9804958455507
393	212.22521600340235
394	87.7203842966616
395	297.7647561346899
396	119.51209378946481
397	104.40368855549798
398	272.93914111458463
399	289.6212695657092
400	116.59951984199036
401	242.49864206357907
402	315.9744306007313
403	247.86541893124144
404	188.4966049753721
405	249.67174778123857
406	87.94591277512788
407	228.44827216762152
408	167.68059519551144
409	235.9273222071598
410	244.09754874960979
411	227.0817812125151
412	288.92041384828104
413	87.12672868428763
414	205.78193234768682
415	166.2671097317726
416	202.7160314483666
417	192.5412363471912
418	102.91497310454562
419	238.19726497084088
420	208.61598375812903
421	282.9666580455685
422	188.39612130444544
423	249.03190019064337
424	219.4691169132513
425	211.55953840798497
426	273.1451529039546
427	289.3724293842917
428	293.946074290367
429	368.6196094342533
430	334.35515454009095
431	325.4104143025882
432	305.0735044447978
433	352.20469081215924
434	136.80780707094914
435	346.4334192609345
436	369.8056031992436
437	276.6804268339025
438	385.16522718922914
439	214.1577455184407
440	346.16425668838144
441	295.93667063765287
442	239.6674416959979
443	331.84706243367486
444	379.8097508829462
445	257.11942796693904
446	291.6125523366796
447	247.67692532073738
448	280.04903081109717
449	266.2771620645034
450	282.5401261802939
451	293.6994484896292
452	310.1009191411385
453	312.7446222077712
454	296.52147896017357
455	306.5681205262952
456	295.94114882067913
457	279.0650735883857
458	222.02327956712534
459	327.6368319353845
460	307.86153157418283
461	270.660807833531
462	274.6408037470599
463	301.8892289997383
464	320.73583128264335
465	326.6582113109402
466	294.548043317173
467	304.33696769276736
468	316.13968590662665
469	314.6856887972531
470	302.69645093371287
471	304.7799094644243
472	282.65238665069955
473	269.0451747457168
474	352.3963562088018
475	287.75505573181596
476	312.1289053455746
477	277.8244822731839
478	205.26959595731128
479	117.10200252590047
480	314.83767299633615
481	110.45688407452914
482	327.8851269176419
483	332.58340726252476
484	77.62329443665391
485	36.5661867212241
486	239.52842325111024
487	277.33529743376783
488	328.04279002404337
489	286.58924708657867
490	361.34211676403356
491	291.18414832602247
492	262.63021327696646
493	266.51227054601316
494	132.5101900144967
495	337.32892923582654
496	315.5871015203477
497	229.65568310580386
498	265.9892046213848
499	306.44342677440727
500	288.34737719445616
501	281.6330564271487
502	292.316458632269
503	319.28939023697643
504	301.3531070214243
505	376.04390677571183
506	294.78445916764366
507	305.2870608412268
508	356.12167229640005
509	352.8172846131397
510	316.9048068433526
511	339.9190881233828
512	350.3277758389604
513	291.36211212293006
514	383.2568329109766
515	228.26146285721302
516	336.5985429910527
517	229.35756153818113
518	349.0095441148646
519	245.90143998601405
520	311.19106526211834
521	321.1586287571342
522	326.29473808200635
523	347.9725082722024
524	395.37666473384996
525	170.47027347727206
526	347.6684637026991
527	248.54301432702096
528	342.4228963697006
529	262.37274157917534
530	341.1230606561848
531	382.8184518271492
532	362.84654125339904
533	282.34869237747876
534	340.26101814124604
535	363.8141879896872
536	399.8273845824664
537	290.6199447751007
538	391.20974242623777
539	372.8572585976469
540	275.4468294753893
541	395.6689867051333
542	329.2881141271245
543	277.9855629509534
544	344.889096724962
545	284.1698627142404
546	320.90493269736976
547	351.0800574031491
548	256.6476507839413
549	292.8464934671972
550	331.4559191664094
551	331.69619404988555
552	316.67238575887285
553	329.24090164361814
554	343.1554249404253
555	322.615221610722
556	317.56756929322313
557	346.35265679315995
558	311.0315234518402
559	334.95649823003254
560	362.5525356734732
561	310.6002206965824
562	320.13576040327985
563	328.9401269696805
564	317.6573037302121
565	326.1597911471247
566	305.5369270342455
567	306.2149259629482
568	286.4607566830079
569	294.42453470780976
570	376.77909246697897
571	287.12171653997814
572	343.34397932512246
573	321.95341218030023
574	293.9707474804577
575	343.01700364956594
576	330.76039711318015
577	284.23091246538957
578	317.99544932533587
579	302.3766832643468
580	343.8663571758093
581	333.1260157262114
582	279.64795610626015
583	310.9332731471515
584	308.83743620120083
585	323.84628965056
586	364.6134372895
587	297.195443871335
588	354.6646361922365
589	353.5091561560055
590	324.3930033906524
591	318.30669236248355
592	363.1674786018966
593	419.7241154115933
594	418.53861095104685
595	318.65234667449937
596	308.7842102153036
597	378.37751175017087
598	391.76658506321974
599	388.2190123421566
600	299.6901421488116
601	279.42652285614946
602	425.1070333985443
603	366.1718891001976
604	399.8614277511983
605	351.70322400119903
606	369.26899550780786
607	354.21246340346744
608	414.800910157396
609	385.32625294761516
610	350.34678069578746
611	353.8118454724769
612	329.30881577739694
613	363.9989210995346
614	336.8183784419999
615	302.43228050120837
616	288.341478980132
617	329.71323394621027
618	331.89529725557105
619	311.34860267238923
620	320.1652685406778
621	342.51032754487335
622	334.102528783207
623	317.2229538739227
624	324.15768150666156
625	312.01971549018543
626	309.8109227061445
627	302.5870732263415
628	342.50939950711347
629	346.6136894572826
630	309.5173925880294
631	334.42230601317976
632	266.75213177053035
633	271.5244474342227
634	320.9436176821845
635	312.17577413020814
636	330.1974681174048
637	351.1575264394615
638	299.1617495988671
639	286.13213760559086
640	284.8258245146961
641	306.89492834526123
642	358.258353959813
643	339.3381456714621
644	319.53418343289627
645	313.3509883781457
646	327.83070114156186
647	357.3702238365301
648	361.5164076389265
649	356.2461615734569
650	337.0317561037539
651	342.0023696895952
652	339.4528668000751
653	309.01759194158427
654	321.22119334254575
655	307.5481231448633
656	321.95727837026504
657	349.02981513667135
658	337.1699077454816
659	351.2048471191393
660	326.9177427636659
661	371.2127540078904
662	316.7365513833871
663	366.09254777051876
664	307.2918776886983
665	346.1430342113093
666	364.96547760422675
667	380.8500288478533
668	360.3119035783534
669	330.6759599910343
670	368.90439705837423
671	374.3758719170809
672	387.2880330213595
673	333.9040435934698
674	357.08178688295743
675	383.5437972553351
676	344.4227377029391
677	362.0989396922553
678	380.0636986060287
679	362.5138675892074
680	369.0972676592541
681	373.1975764641452
682	333.5387446843578
683	319.9212969499481
684	323.46269444608066
685	308.45132429558873
686	310.8731291079738
687	333.82557566391745
688	316.18014530929895
689	335.38315538616735
690	360.9487049686301
691	324.6120108253276
692	345.63047566110686
693	325.8849963310255
694	337.1648514786059
695	360.283595879715
696	411.2308986145826
697	358.0510941774143
698	331.31332789304804
699	427.47834403769974
700	348.04641229301643
701	326.2758772864394
702	334.35766388128036
703	427.51320258594177
704	388.4651333041799
705	397.058597108417
706	336.28847406433414
707	314.4880930990274
708	354.33195751908266
709	373.43271697193813
710	372.2159986345562
711	288.613637364737
712	352.1308799279018
713	354.59785560718865
714	385.8742951013626
715	359.3018836131338
716	372.4467731520399
717	402.35347725673233
718	378.3309838701362
719	356.67921252544267
720	385.92070117717486
721	373.4877779156194
722	446.7620532392507
723	333.20348194300914
724	353.38506040759046
725	328.8590500827327
726	393.69555819113
727	359.74528920247656
728	382.5830373357324
729	399.25853129560886
730	392.3374360466025
731	386.46720953004666
732	395.55509029421006
733	372.4008090210601
734	368.5682367778188
735	393.2492208948328
736	357.81120531719483
737	344.2998170552178
738	371.3672946655782
739	338.95090247580276
740	402.6573213613757
741	359.7869096819972
742	368.5561680357634
743	340.5245212069748
744	326.970489382242
745	317.36222782431236
746	310.339356916473
747	294.30430022823913
748	344.0534875193249
749	359.95374296732535
750	359.0153344894488
751	359.0517365097155
752	379.43633375402914
753	360.2677853061008
754	365.7241476096418
755	339.0846606555034
756	367.2721518669455
757	348.0357037051311
758	350.4762487962693
759	327.3733230212775
760	331.52080007810457
761	302.5465957565023
762	369.79077813202025
763	347.10253949566567
764	374.70793282170433
765	351.46402643923284
766	347.1367482348388
767	344.0710463173815
768	354.8579943242638
769	346.5776506801175
770	365.8942168925414
771	343.842964400857
772	360.6077425918629
773	347.9167472719497
774	334.5913953344912
775	366.7314287650815
776	290.507994380256
777	340.4371096758008
778	338.2088242747101
779	338.0947348598118
780	352.08969565513826
781	344.4376425963612
782	365.22491590931605
783	377.4350016529898
784	333.413675532152
785	334.8623011058607
786	393.2569550042418
787	427.24362976282964
788	350.3053691153092
789	436.2901873172954
790	361.6089063827038
791	346.9973761979282
792	381.75902321608777
793	367.0011586412183
794	386.10272440744876
795	340.15148456278183
796	412.11668735028894
797	406.6919866173264
798	346.79893875370453
799	350.11151319253105
800	351.94491337998
801	388.61067143052315
802	351.560881773987
803	376.37444105196454
804	360.04203316412054
805	353.2562867221576
806	349.65369938471446
807	340.5942507152288
808	378.54563900201316
809	382.6402661429927
810	378.26850996069567
811	377.5405003928911
812	368.5888962343217
813	387.37850485525087
814	396.1472556975406
815	381.3720621031863
816	384.30567235947433
817	394.35460709092524
818	365.86610011133354
819	385.21809389243515
820	415.655293284566
821	408.13163586711795
822	403.3384021118992
823	384.83232422459366
824	346.43935640932244
825	401.49704776578113
826	378.82029165127375
827	335.33837005442047
828	424.92316705676757
829	370.5079963237422
830	359.8676621348449
831	382.1571900254314
832	374.23246278161656
833	360.1987651292809
834	435.4025627775257
835	431.07480062507744
836	410.4562499762232
837	355.5979861466185
838	428.3459205018523
839	400.11040900771525
840	347.07846451293585
841	386.4352482218203
842	402.8127299562404
843	430.3532221808293
844	326.7000464664368
845	372.63580142788726
846	324.77622993938013
847	324.3114957841881
848	325.857213376302
849	349.5409678092089
850	329.43209564502934
851	356.06979471150174
852	390.5518466609197
853	352.35976779184233
854	334.84695243281914
855	323.8229653412451
856	339.285157608895
857	319.02507472203945
858	329.1918262848724
859	310.6187285147704
860	386.17344398413417
861	291.4598587427716
862	296.30838553604235
863	313.1331067673896
864	314.30293912052144
865	308.5021286426622
866	354.41175979625706
867	342.47037518058545
868	344.9991108269304
869	314.1827921119657
870	314.11236549863565
871	347.0901489916076
872	360.4752630508543
873	327.2110660565422
874	345.5726409262696
875	367.7352148850925
876	338.0247134520173
877	330.06476642714
878	337.3797827791415
879	375.0038639102799
880	347.69851485378183
881	395.9816095015261
882	356.68141385519317
883	381.0532436052633
884	393.9314943684645
885	336.37716243111925
886	358.42196966617155
887	394.5814105961851
888	403.0041288857066
889	353.7807571757712
890	388.59986841235985
891	388.6194895537762
892	345.6784675223966
893	377.1347766063785
894	351.156891577518
895	349.8043352286059
896	396.654209185811
897	342.79233872293383
898	364.17258611717733
899	383.5945134065981
900	395.6770334026946
901	329.85506366600487
902	393.31839912374573
903	337.7658110926401
904	324.28268087305247
905	385.1463014271439
906	365.4781053025352
907	339.33585689420454
908	338.37666878713156
909	393.8338304329582
910	369.82981888634356
911	330.48373816922725
912	348.42351017603124
913	365.87495347213775
914	386.73623736815983
915	410.8404315787579
916	345.83260742991837
917	350.9744020356258
918	443.57418590267474
919	433.77136903807195
920	392.07782867541863
921	426.9421692136114
922	406.006291896946
923	423.3507242887299
924	379.22166778209345
925	400.7165532964711
926	393.1579554839245
927	439.91958910273394
928	382.4060505010302
929	382.03362692967966
930	415.7842932215051
931	424.578498273623
932	412.3820931495097
933	377.9884179333201
934	419.10517543645216
935	391.9129903842594
936	389.8447017982324
937	366.7826582805531
938	365.3537022221289
939	394.5099589054697
940	351.9909567271374
941	374.9013722319428
942	336.58571379478855
943	408.6862149475045
944	404.0063341077474
945	369.92990247112107
946	456.536726777964
947	365.1008973905145
948	407.3472981568736
949	425.94223291447
950	430.8936103806369
951	436.58017844987904
952	363.8181681835788
953	428.1257694743212
954	337.2969576057566
955	409.78572511316736
956	430.591578977908
957	434.51943816333767
958	382.29518049483335
959	376.4073740919113
960	420.11102213946697
961	410.6051473604552
962	369.0357175029984
963	406.23710723159445
964	437.28100810939463
965	389.00083496468346
966	383.63681280943587
967	401.73653656898824
968	342.08218177922106
969	356.6976048104144
970	350.55058734811234
971	429.24472838559177
972	388.3800449965469
973	305.94912566314065
974	421.22074791244864
975	434.52477242227707
976	375.3145720814187
977	272.3690735609912
978	422.7889322611945
979	305.3782236536881
980	368.92566027262217
981	386.4516238481762
982	361.23186221128486
983	378.3472364045559
984	352.1519643188088
985	375.59203982574616
986	378.69248314772034
987	367.1887791934647
988	330.3865797042052
989	371.1452694402244
990	283.4629069783398
991	344.951713711299
992	401.6800403593152
993	344.7963118320735
994	405.8885271648223
995	400.40752357361475
996	384.2454353607823
997	407.0441065796494
998	427.5840646515652
999	419.60796136949995
1000	368.56064343088315
1001	383.97063628845626
1002	410.96496098987694
1003	320.9820613468478
1004	354.9613566734402
1005	417.05783885546975
1006	396.82859166487725
1007	307.8809080485064
1008	423.1134027893192
1009	335.3931562329474
1010	353.57416251036483
1011	346.17938845619597
1012	359.37375428708594
1013	371.8314826313229
1014	344.4092204388421
1015	309.8300265073099
1016	369.4341182960602
1017	338.71168846152904
1018	360.7588991942232
1019	378.319083325679
1020	392.60704928229256
1021	402.81508888716803
1022	342.13487284072374
1023	374.87963440915644
1024	352.1383316714216
1025	416.52675347796446
1026	434.3619094027096
1027	344.9335379873743
1028	405.5664489224445
1029	438.7977569380942
1030	428.6389619779995
1031	408.44289084484075
1032	344.5419729977159
1033	373.12391264275016
1034	343.4810827277286
1035	353.4599602062794
1036	441.80168943718434
1037	450.1970422933261
1038	445.4292399490029
1039	389.2731268273633
1040	377.29831538945535
1041	342.5925802223039
1042	403.89348288304717
1043	349.50404875673917
1044	329.30508814954055
1045	363.53527648698946
1046	349.11962941467124
1047	340.77713261256343
1048	341.834456164933
1049	404.82243167947837
1050	411.6033794442017
1051	357.78500182131273
1052	350.90647349978184
1053	345.37975057051403
1054	399.85320204104016
1055	349.88398941641736
1056	353.17659737932485
1057	339.65101318075153
1058	381.08995347988184
1059	349.8630495294221
1060	373.5043187594844
1061	343.52162770045095
1062	386.74017920622043
1063	315.81316733831704
1064	319.87397561406954
1065	375.4481943655153
1066	341.3082239091375
1067	311.9909376751815
1068	309.8143844310696
1069	398.7429904573663
1070	415.94098382140146
1071	391.198984039327
1072	324.18368917735967
1073	316.80587433258796
1074	330.60857921171475
1075	344.3178942790664
1076	386.68174967729516
1077	406.1439235834088
1078	325.8759948560005
1079	376.408700976148
1080	399.2064415564615
1081	349.27099999524086
1082	381.6795051842335
1083	382.03063283880135
1084	351.1125631591699
1085	363.7028801904317
1086	355.398618444529
1087	390.05672389505315
1088	386.7010549237698
1089	397.57260156385655
1090	409.6213664586117
1091	311.22320293857655
1092	345.7182718393748
1093	392.93012772669925
1094	339.1023479777518
1095	415.67293154409026
1096	433.03791635107723
1097	440.1112424656184
1098	401.1715821581418
1099	400.91831534659366
1100	430.803947604929
1101	406.84702745232585
1102	378.92392168306793
1103	397.3220560229649
1104	395.8112362072397
1105	426.48539844474226
1106	439.09316336020015
1107	392.91312933364543
1108	381.26296695497126
1109	411.28958016640655
1110	416.1467920119195
1111	407.97108776979525
1112	392.8739463967484
1113	401.68616752148824
1114	345.18658859061884
1115	361.1182081409834
1116	378.51156634490843
1117	368.5263998196715
1118	394.14217826598514
1119	366.95321286308916
1120	380.4696283923507
1121	358.3452860014143
1122	369.79693738249193
1123	350.38107426361904
1124	402.66292565859624
1125	371.392294564323
1126	367.7319047530699
1127	395.0966480117634
1128	366.87283248509914
1129	370.1116504986053
1130	406.2688941479686
1131	413.21815835321183
1132	372.7757397501736
1133	388.99628108524337
1134	378.33149588813114
1135	366.4341308728018
1136	410.77989712987403
1137	398.7985938679604
1138	372.8166124633654
1139	331.40624444371423
1140	420.63448334210614
1141	390.4438751429025
1142	388.9585713216674
1143	435.76521963842214
1144	382.9014116371892
1145	387.4946136896413
1146	387.75197319613494
1147	418.45675630483055
1148	408.834438540983
1149	389.63861063328244
1150	375.36840570463715
1151	430.5457349555525
1152	423.01929127476694
1153	408.40931716086413
1154	363.7825453208842
1155	348.87344585019537
1156	410.0170975202464
1157	400.03519202039615
1158	415.04316933171077
1159	422.3565215543177
1160	430.47347687115985
1161	409.42474245400723
1162	411.414654443007
1163	387.4249644647982
1164	408.6127897906001
1165	404.927851958201
1166	393.53424605994155
1167	409.2339058697808
1168	362.1696188709322
1169	363.51982960638856
1170	356.747737203155
1171	382.0181681544096
1172	401.8777094243201
1173	374.10395147456416
1174	395.91083155310963
1175	365.59966984564574
1176	356.30369001017857
1177	354.1962432635332
1178	354.5247277315024
1179	412.83769071276237
1180	376.65618387840703
1181	344.5935429649925
1182	422.3368174790047
1183	337.77509925988613
1184	328.34138708979293
1185	387.334449175964
1186	331.9564906587158
1187	315.8404782204142
1188	290.29545848793407
1189	358.58618600573783
1190	351.6717195660537
1191	336.76544412797114
1192	335.9101965797488
1193	326.7121620158084
1194	371.3649209412195
1195	324.7207955895888
1196	309.9052552503795
1197	314.76034914947024
1198	338.0688867557465
1199	307.0057340532736
1200	364.5973084174263
1201	317.75295464099173
1202	318.51848976070926
1203	308.3726133079541
1204	320.4597060746346
1205	317.4915734937145
1206	302.1250357530618
1207	294.03130557177246
1208	311.5872792692525
1209	316.64699162077596
1210	320.626762294793
1211	310.3411919745309
1212	298.84267098635513
1213	323.2602350746316
1214	322.47048515989167
1215	315.515183263348
1216	309.7776419694144
1217	331.5495550316724
1218	295.43240704440984
1219	331.4698451450762
1220	321.37679313633856
1221	338.34744136114267
1222	290.4701634024509
1223	328.6935275760824
1224	330.1302290242746
1225	335.89440436605724
1226	302.72214422372815
1227	341.6810612617481
1228	351.79975640572206
1229	356.88131820635255
1230	331.98082961575756
1231	342.54968888572057
1232	370.3038360443525
1233	379.6779983636193
1234	384.4616277689757
1235	369.55197013319685
1236	350.56917392789495
1237	414.0409097234698
1238	364.2251651245668
1239	414.7403895013923
1240	428.8339524345803
1241	353.0006330690523
1242	360.76018723459805
1243	417.36266676159755
1244	440.037602752046
1245	347.2087707334811
1246	417.5375746143469
1247	415.57517572894125
1248	356.0143755066624
1249	413.6883063774572
1250	384.2266872092171
1251	405.6898511380612
1252	405.5331397646689
1253	383.57242071364624
1254	423.48247493444217
1255	328.99067845829313
1256	381.1276915182938
1257	400.80576690323295
1258	327.2398933953409
1259	332.9416430664223
1260	397.8948903171725
1261	436.1854969215399
1262	371.81735694767866
1263	421.22370766887843
1264	379.1635945300409
1265	327.68608093878333
1266	385.3187645960988
1267	347.61538447039885
1268	333.62517425817026
1269	331.37110930556247
1270	338.4476133465116
1271	377.82043918717255
1272	407.9156919501392
1273	367.98935716049607
1274	427.7737528272082
1275	426.87929633606404
1276	407.6489997630985
1277	402.86310024659974
1278	435.67229798591563
1279	372.4166713664181
1280	390.4399086356227
1281	428.15266774307906
1282	432.16640935333385
1283	428.46269682833156
1284	363.91047687806497
1285	389.9893187860927
1286	455.2516952147288
1287	407.49149087117587
1288	373.0913883135286
1289	396.23108172096113
1290	388.96434399513373
1291	398.54129688402037
1292	408.9313626674638
1293	399.3384573005182
1294	393.3388795071328
1295	347.8553870596625
1296	363.53771933088507
1297	444.50417377334526
1298	352.8694306016977
1299	437.87272805301075
1300	399.1469442076059
1301	382.05569138449533
1302	441.301816407797
1303	352.6696234578337
1304	355.3038221751768
1305	376.1535782037557
1306	398.1569966238485
1307	405.07584432508946
1308	377.9276228591839
1309	365.38110696219076
1310	353.12529708662436
1311	400.32801609146094
1312	381.26263315048527
1313	421.7168970399005
1314	408.4085227542908
1315	391.72424493257824
1316	354.86618175889726
1317	354.1156942496587
1318	382.57242575929666
1319	401.1311372777827
1320	401.2151898875403
1321	358.65416100521884
1322	396.23897235435743
1323	394.1405008818927
1324	380.01762293549046
1325	382.9074888529351
1326	369.9409655572969
1327	402.50762969643745
1328	421.2068408388012
1329	383.4987870415515
1330	342.59535076335754
1331	341.2825688083263
1332	384.81973469665184
1333	394.97688990876844
1334	350.76305780944926
1335	355.9864278052256
1336	327.6840773987434
1337	271.4394012512707
1338	275.6474274802283
1339	325.77182883627387
1340	315.7301294247959
1341	366.6848504207569
1342	341.14983578706534
1343	327.6745453557106
1344	386.63371975312634
1345	347.73064695058315
1346	340.400454054398
1347	319.06410273342175
1348	348.8458066355434
1349	315.55850937746095
1350	328.17997324810364
1351	376.8567109307967
1352	375.68748437547015
1353	335.9232761403681
1354	348.47896275130313
1355	372.4921575155072
1356	362.25891802041633
1357	357.3075956771352
1358	370.91334475093805
1359	378.3928441126601
1360	400.41399028493566
1361	347.73798265966667
1362	370.30755139863544
1363	342.79523239007926
1364	337.1765672147669
1365	323.6938497940549
1366	320.9278659241409
1367	351.6562967320496
1368	351.3069117834918
1369	349.10167525607994
1370	311.69432081269497
1371	285.7125362358983
1372	338.9580299834801
1373	349.06610701373023
1374	362.06882278405095
1375	318.14970756718014
1376	310.35681839110515
1377	352.3273785119355
1378	322.57077121610735
1379	375.84835838176537
1380	389.7739464497939
1381	410.02180781548
1382	326.57945728974056
1383	382.3562616850695
1384	347.4303787571871
1385	387.889061164373
1386	383.70800996009456
1387	352.208705177091
1388	370.6727426772811
1389	394.0362364847486
1390	382.20871426783765
1391	405.58154261181033
1392	405.5328077700863
1393	455.10254062532704
1394	407.19272040081745
1395	369.5907481182026
1396	424.4038324632224
1397	427.8420932108736
1398	360.24650602451914
1399	381.80461490773286
1400	373.1038729547403
1401	344.77210269148634
1402	434.93906587570575
1403	459.9122529037626
1404	389.1211321890732
1405	446.1909960663147
1406	445.82656408165974
1407	415.53604506036555
1408	444.54200089693205
1409	404.0142137616344
1410	433.21619564806485
1411	369.2200050148838
1412	421.1154055991768
1413	440.1660769326053
1414	451.64226125740686
1415	389.556672587195
1416	402.35905752387026
1417	430.75142738537477
1418	458.25078561633336
1419	430.0613925949398
1420	437.235014200572
1421	406.9872254497039
1422	428.13679157144924
1423	411.88130922007184
1424	413.6750711246275
1425	423.1887106428717
1426	423.9959997604341
1427	430.7455040774933
1428	415.51632729715516
1429	392.4996072507924
1430	416.1056283017025
1431	412.724053165719
1432	420.7188187330429
1433	416.36583714018036
1434	410.26510746780224
1435	430.31981684770955
1436	394.7401978931239
1437	446.7423161818518
1438	411.3445400122756
1439	431.8600828085069
1440	381.44749961502697
1441	380.73057280538205
1442	414.08440809575484
1443	399.9212004837071
1444	406.585009718749
1445	407.5846228942645
1446	452.98330379872317
1447	395.4997189750465
1448	381.17289747084124
1449	453.324171462649
1450	381.3768165521041
1451	414.2052200818102
1452	411.2542126172978
1453	437.0328661866162
1454	419.76597986088854
1455	352.4969010854214
1456	417.1152805910612
1457	393.686711473343
1458	408.5686902819315
1459	397.9127984222065
1460	362.73307491329837
1461	430.1559755858547
1462	433.3545540575909
1463	374.9184586469784
1464	414.5499342062471
1465	406.08673575996545
1466	344.1515988675674
1467	433.14124463020704
1468	424.7233277940305
1469	373.36343375261924
1470	400.8240001085427
1471	375.5900510233567
1472	362.6894195077791
1473	378.7542527977867
1474	365.3444998657309
1475	359.29362629490174
1476	376.54116857031346
1477	362.69295957178855
1478	366.6464704606627
1479	399.73897297160335
1480	383.00214384412305
1481	436.2062554053715
1482	406.28256020522906
1483	418.8346556080695
1484	433.88874404188795
1485	370.57153889365935
1486	361.9710397948936
1487	355.7521654035525
1488	442.6266395282016
1489	385.75081810370983
1490	396.5135824090059
1491	386.99591594998986
1492	440.5162643229137
1493	415.33499357362405
1494	414.83247353682003
1495	421.1882421453647
1496	450.02934969137266
1497	386.1971173055474
1498	428.8465969943897
1499	437.433605537975
1500	422.03024995176725
1501	429.2303418475843
1502	418.3607229112215
1503	408.710550344052
1504	372.265872315712
1505	414.61235507761427
1506	391.3401585500172
1507	440.9359718699194
1508	452.59173965572523
1509	397.34002898555343
1510	412.09171882729885
1511	428.80515872977605
1512	412.3955961449754
1513	365.88276404831987
1514	340.6976103227807
1515	368.76833314132534
1516	222.32438509308633
1517	390.7636380188602
1518	385.79015068481914
1519	404.5325141677028
1520	410.4352131988746
1521	355.13034689802043
1522	371.7054329089817
1523	369.2511969584606
1524	404.4857708886195
1525	385.6654922277362
1526	378.429337113543
1527	400.75122058892345
1528	396.41626587291034
1529	374.852011151226
1530	379.1054458621743
1531	417.0309971833776
1532	437.85558678828886
1533	391.5712855408005
1534	385.4421359738192
1535	375.08234047860515
1536	396.1633323819573
1537	379.67086712522445
1538	384.5506480126725
1539	427.25219679361146
1540	437.01971143653543
1541	442.43967874788024
1542	411.08883193827324
1543	409.53803005215315
1544	400.7840164342224
1545	413.2352991188062
1546	385.15007256326584
1547	393.6068154473318
1548	369.8675383119377
1549	359.23957805661973
1550	353.38687834044885
1551	384.36189043646425
1552	372.5714631982508
1553	415.4233689649973
1554	395.97623101892
1555	365.74033675846823
1556	367.77936492646006
1557	410.6932833217695
1558	400.8386174677954
1559	397.65971245618283
1560	412.2835020311558
1561	185.82556024419608
1562	357.22714648164856
1563	422.4065587111177
1564	376.8203377883901
1565	419.8425086885486
1566	403.83609799008076
1567	403.2823890688064
1568	394.480683284909
1569	414.5075533492694
1570	419.08372537462395
1571	362.0647673542058
1572	230.9898397749488
1573	412.035548024054
1574	348.55031270194496
1575	210.11568124062444
1576	375.1385009657468
1577	422.6353022289115
1578	394.53372508381614
1579	402.87759677279894
1580	390.39443936639725
1581	380.3620742866642
1582	407.8299311965119
1583	381.7905768737364
1584	418.9195292440306
1585	444.03326330611173
1586	430.3716803333384
1587	452.90070426014614
1588	378.1003210626762
1589	434.1412745333204
1590	397.7987316282194
1591	395.26546669046513
1592	360.11676247789666
1593	336.8542532137622
1594	393.4988922383177
1595	407.31917533609453
1596	387.1156608350512
1597	393.7540459595106
1598	455.00275991954186
1599	445.8733433118924
1600	403.94249064275806
1601	453.68394103687166
1602	455.47016996870525
1603	430.5676381756903
1604	418.984740167735
1605	444.5918213740054
1606	446.0709784808291
1607	420.7348643445661
1608	417.8761547006764
1609	451.3575931139053
1610	418.1398127352172
1611	461.84251480648715
1612	443.9776975850467
1613	422.73564567999034
1614	420.99491647324993
1615	402.4013514240012
1616	448.75145175087243
1617	288.6056337999676
1618	447.97895886719465
1619	412.72623666105903
1620	408.2113588719823
1621	218.7861126246146
1622	427.2032363205798
1623	406.8551626251733
1624	448.36949566294726
1625	415.76636627910636
1626	409.27115687610063
1627	423.7417968275175
1628	200.67788335851813
1629	147.15022864021262
1630	442.25235498842
1631	266.28866666420424
1632	447.67879201198815
1633	445.1730094875409
1634	450.97561929551364
1635	437.45708157247196
1636	407.3073709446478
1637	376.2139093153833
1638	423.2127496959974
1639	452.6397321555835
1640	436.750711388662
1641	406.17201550105756
1642	352.1858076965319
1643	430.79354774648465
1644	437.29689640399454
1645	195.66138424859165
1646	436.2191276170496
1647	420.6426431764146
1648	423.98398158136183
1649	369.82225010070744
1650	172.11169657513085
1651	175.47047641801143
1652	447.3627530475778
1653	416.2422399438705
1654	355.9547984217343
1655	384.55896472764766
1656	462.71698898484595
1657	364.8871913227832
1658	437.8497384667016
1659	426.4910520797495
1660	434.35002602708244
1661	434.063020265959
1662	396.0823885335521
1663	408.22259822482465
1664	413.87870155681827
1665	433.5066821676956
1666	435.28643263310295
1667	402.0862895592956
1668	366.71476523303573
1669	392.3966102368959
1670	425.76447036572455
1671	436.95365500860623
1672	411.57147865070897
1673	380.8565742961412
1674	176.22662484244773
1675	347.9705671633429
1676	400.18568846492195
1677	466.3341275379328
1678	416.81369259290375
1679	388.0016826059609
1680	350.57979813749563
1681	441.99454486613604
1682	369.2639166773477
1683	430.59048275354087
1684	327.5566329842781
1685	395.7177001370612
1686	432.3097709318431
1687	415.70643118202213
1688	389.1140058178461
1689	406.2668887942329
1690	408.6041637020476
1691	394.02417974964595
1692	434.6384466415411
1693	418.2684947765401
1694	382.8580207473368
1695	324.4059094057572
1696	451.9439619076627
1697	394.04233994762683
1698	408.888922082775
1699	426.79866870642434
1700	454.0540280818823
1701	437.9801880393095
1702	387.4021152980629
1703	415.8851098048159
1704	442.41365114324617
1705	411.4141244961817
1706	399.86495822571624
1707	445.64324014768295
1708	378.01787383239423
1709	390.47025061041336
1710	443.97802722160566
1711	423.9678948704879
1712	418.14341262039915
1713	359.00976707319666
1714	416.9688590959234
1715	404.7875748745405
1716	353.34345992402444
1717	374.2436932523436
1718	399.6791853568505
1719	383.7456025843746
1720	379.07314111077574
1721	434.8705291963574
1722	376.1329987198989
1723	453.2987807184729
1724	381.33555287110363
1725	441.48042721809975
1726	415.0583729401386
1727	389.54029815202716
1728	400.927622293856
1729	457.75994126450206
1730	430.4787678736459
1731	397.87402115168254
1732	399.0084882801283
1733	437.05735860229004
1734	402.16502697469656
1735	408.0668525393262
1736	450.68397643833555
1737	417.1289754845092
1738	409.0779310375633
1739	399.54612216004864
1740	383.31950591903103
1741	421.36143391531954
1742	385.05769953354996
1743	419.6371572607031
1744	428.77292359017997
1745	424.30743331807696
1746	412.83043530097126
1747	455.76888740377666
1748	431.85671055760406
1749	446.26266457889074
1750	429.9766924758297
1751	445.73926052701364
1752	442.2976291741959
1753	432.16479514741695
1754	402.7930314818569
1755	428.76534797151595
1756	441.4273244675411
1757	412.1708796082654
1758	432.24024006628883
1759	428.59877832298923
1760	373.2540416105148
1761	454.268004485157
1762	443.66599071094805
1763	430.041477886415
1764	438.234188906941
1765	452.94104263876716
1766	447.5218281006392
1767	463.8535541506163
1768	416.2818871484323
1769	435.20434435899335
1770	419.81110072558965
1771	373.62819989938436
1772	484.2722625548152
1773	412.7237446485158
1774	467.331574010276
1775	444.63792057373786
1776	447.76647348698276
1777	440.4558398601764
1778	453.9849922403483
1779	414.4695532078453
1780	397.82599000783745
1781	394.96989354186576
1782	404.1420506132043
1783	415.35149470797916
1784	426.45819782292773
1785	388.99189543213856
1786	362.8673669996327
1787	368.47254019716803
1788	426.7266898280799
1789	387.30719273488603
1790	379.8946037443705
1791	439.69919498142934
1792	416.48591454446245
1793	421.5373503586743
1794	405.9347441805446
1795	413.29102469132266
1796	410.35964030456773
1797	444.9938600758036
1798	439.50984773727396
1799	436.2968005991398
1800	419.34591937677004
1801	389.00111341464697
1802	439.71239759798453
1803	417.62691503887805
1804	377.29419808840845
1805	435.71896429992574
1806	448.82099826693457
1807	404.290811326186
1808	405.4043633645961
1809	376.55872395556173
1810	421.009895766961
1811	383.0891548242061
1812	387.0062166739117
1813	393.83201641527825
1814	419.2080280031181
1815	429.2709111044264
1816	432.6179130497452
1817	385.2395344829729
1818	406.5958769696296
1819	389.15841398189923
1820	425.8353275760857
1821	407.1371818783957
1822	415.0982152481392
1823	404.0114262742052
1824	417.7267827705735
1825	448.47993981870565
1826	415.0579879766432
1827	401.5359447241267
1828	418.64419837436606
1829	408.0517628079246
1830	404.28195263292633
1831	412.32126350470185
1832	420.5513953126566
1833	437.3923156596967
1834	440.63432263776053
1835	391.8932049130602
1836	375.4796451306178
1837	418.21552264646596
1838	405.5851660292834
1839	426.93108319186643
1840	418.5566591206323
1841	417.1663764520191
1842	400.86709110707733
1843	376.8760996141484
1844	364.4674547291352
1845	395.5297137810237
1846	412.5133541097481
1847	387.3590113947652
1848	378.75629007416774
1849	364.1063196727061
1850	414.3662065180745
1851	410.79310192030715
1852	373.2174564841486
1853	372.35582759399625
1854	362.15129337009563
1855	380.9295150543144
1856	419.47808348403584
1857	380.1708317177558
1858	431.41657705787435
1859	380.11512114444406
1860	359.9815232526385
1861	361.02595710604635
1862	404.9693773992009
1863	408.93591069665524
1864	374.49136931612856
1865	378.1656504145073
1866	379.7808722539543
1867	424.9037695967834
1868	386.10267382543566
1869	422.63453312936986
1870	418.33532067311484
1871	403.9574224214649
1872	424.3472326816018
1873	398.05512151335904
1874	395.9591839282128
1875	381.4861380165811
1876	406.99160715996095
1877	420.0858616856966
1878	426.980173184466
1879	429.89346552999694
1880	426.7961453223469
1881	426.1461699360056
1882	384.57196276563155
1883	401.1187375188905
1884	361.14240255632296
1885	446.5208804039286
1886	441.20025619631616
1887	432.567852639084
1888	369.85412782687143
1889	418.32135862759554
1890	382.6343531941959
1891	435.0360850065454
1892	404.11115518174347
1893	420.8371457379227
1894	435.1301403032772
1895	429.882718296883
1896	375.2795667762632
1897	447.22702737136586
1898	355.59518441054325
1899	421.67988585493566
1900	397.8273366037772
1901	430.4818747470503
1902	345.7373010943016
1903	364.89709142945094
1904	426.0387436879507
1905	384.1597474224585
1906	430.43823540462773
1907	401.41113222631856
1908	369.39702474920915
1909	337.8797594217203
1910	354.86784139022006
1911	345.8186446437548
1912	369.0078404589757
1913	338.4090230416604
1914	411.2821056438103
1915	406.874876061686
1916	381.4925826058005
1917	449.4033211282022
1918	415.0954005309629
1919	360.37838182112523
1920	386.91050897438856
1921	356.78801501359504
1922	447.287017941184
1923	364.48157487379274
1924	440.26117013335676
1925	449.7477851462229
1926	402.2736867516866
1927	394.4563989504592
1928	394.63835543776594
1929	433.4294557608745
1930	440.1794051447284
1931	383.1366579023819
1932	347.3765349883194
1933	414.61208795886597
1934	430.33526806829246
1935	450.7675934905919
1936	433.36613217875276
1937	443.5115645302563
1938	407.62536970180514
1939	443.5920194072184
1940	453.093426494314
1941	451.2873782672099
1942	429.73804572157377
1943	428.7384954122172
1944	441.69195540233375
1945	381.07725227602685
1946	429.0668230130665
1947	389.86002125418895
1948	403.26196352087777
1949	393.51217565317893
1950	396.9055025607479
1951	438.5236296616366
1952	378.1360150558188
1953	411.2989488446826
1954	391.1093610739964
1955	436.4116281620234
1956	444.4614940331634
1957	449.9686231866091
1958	416.51920717079065
1959	381.86583779840373
1960	443.80503088392027
1961	354.0411907006025
1962	354.80824558571084
1963	412.91951956432234
1964	403.13735373411316
1965	358.8026919427069
1966	445.0462331847672
1967	369.5673710855146
1968	448.49038398010265
1969	407.74037545352905
1970	432.4511931765541
1971	403.66380377610693
1972	397.4004177277347
1973	436.378151602819
1974	424.33472166586085
1975	352.74585292228466
1976	389.86708158938484
1977	365.34471128862197
1978	413.4140357468121
1979	376.0927623747076
1980	428.21195975990264
1981	390.168451351993
1982	369.31489742872867
1983	393.94996227694344
1984	387.2451080422966
1985	337.51551975472285
1986	384.97398278968814
1987	354.8617713097973
1988	404.64120285862015
1989	401.5164075449471
1990	413.17250954336276
1991	411.9478109231315
1992	339.31646369291303
1993	409.7214794057491
1994	391.85877204289307
1995	372.173288606661
1996	438.87363384558074
1997	403.11256892840566
1998	397.1889028215157
1999	446.2308839678303
2000	404.076038118915
2001	403.1549783300577
2002	396.0692624517736
2003	418.44739424397625
2004	435.985048122511
2005	457.31426878944916
2006	448.939080785844
2007	448.4932449464613
2008	430.5067571521218
2009	437.0724898216186
2010	402.78543840581773
2011	413.1302774783661
2012	424.76078227038437
2013	433.5247660451347
2014	432.98892441326933
2015	381.91096872623064
2016	429.27206555086974
2017	395.530403684242
2018	366.1998674601972
2019	432.0109152159622
2020	433.0203551162907
2021	422.3822742008399
2022	430.50655753741216
2023	408.53787753189664
2024	416.9663836442003
2025	435.4009892461048
2026	383.92203458028416
2027	389.6793058667016
2028	418.9807052838582
2029	396.51711831352554
2030	423.3593869793596
2031	368.14812948116395
2032	430.8470440990722
2033	433.95375944731023
2034	441.6816603105006
2035	439.16838986704875
2036	446.02812268886976
2037	446.1528481729199
2038	432.19494168420044
2039	355.8607685776923
2040	361.18637588641354
2041	404.93108793227816
2042	451.2925562227966
2043	440.16286837272366
2044	396.3064174594584
2045	445.83550344076724
2046	365.3884296396656
2047	374.80929856246314
2048	415.47061696567386
2049	398.2063289350563
2050	405.0814512460716
2051	421.82297657975914
2052	424.3721169590976
2053	411.6617241379288
2054	378.2057341832753
2055	389.40376431542546
2056	367.70403863328823
2057	421.7788104619808
2058	405.5781187945836
2059	391.81344944190596
2060	378.07084665597046
2061	349.8160376104604
2062	396.31827638719307
2063	347.2916777979678
2064	341.7012261516138
2065	406.0580586698785
2066	328.6847919973918
2067	337.3925974768559
2068	389.43156364957804
2069	377.48236045555
2070	375.9958099991692
2071	367.0551734881968
2072	419.1681410173722
2073	329.69964639302214
2074	385.1455064660016
2075	349.99484950469866
2076	401.1779890956867
2077	397.1085408909518
2078	412.39228862173695
2079	254.7106904711004
2080	400.39208864512494
2081	438.1730587650264
2082	381.89614339251193
2083	391.232546329372
2084	377.2756114682461
2085	407.33592001557133
2086	375.09680930032954
2087	417.2176170842018
2088	361.2155719444357
2089	337.83898234515226
2090	309.74147068641764
2091	335.32011364763565
2092	349.2325227623159
2093	324.0947360043733
2094	310.6329242141768
2095	386.59320783858755
2096	337.07025275763
2097	324.8305113748423
2098	326.55440277766445
2099	346.3917783953029
2100	335.84279695083967
2101	385.8077764659381
2102	351.3977676828257
2103	332.5099223070309
2104	410.37503489589136
2105	423.1598653692413
2106	339.7201560606535
2107	404.17540519277634
2108	394.122227703942
2109	356.42709930599
2110	366.0741484759757
2111	400.18581264122724
2112	396.3530316616119
2113	377.81015661655607
2114	380.8108740965149
2115	410.5656856386516
2116	417.2258283198267
2117	442.82603381090814
2118	439.91755386190295
2119	433.31057209716386
2120	443.35132157863825
2121	399.96768417477836
2122	411.24723081698244
2123	386.5644055984152
2124	432.40828973506507
2125	416.2636842458151
2126	428.85845293413314
2127	359.53037061831964
2128	340.50728721951396
2129	411.5632561516258
2130	357.4616361802478
2131	352.46209606310885
2132	365.29930383271346
2133	343.53512866511085
2134	380.7634988156804
2135	353.90353919751726
2136	363.9409103108093
2137	356.7194734566326
2138	355.1260836465345
2139	348.6141929894711
2140	339.41462706681585
2141	326.15407019082903
2142	329.259713060078
2143	335.29713570496057
2144	335.719361125916
2145	367.7733846594739
2146	364.1803035916939
2147	337.32932925664153
2148	410.12285978754164
2149	392.27056090411816
2150	336.3089443035991
2151	351.25719024358415
2152	345.66858359584717
2153	326.1950138663027
2154	362.9751624404986
2155	343.70019710362766
2156	332.17398953054635
2157	355.58178485773243
2158	387.15946579728245
2159	353.9732944817486
2160	367.71480347172513
2161	348.70726652244946
2162	340.4428518587339
2163	378.8427893020431
2164	353.6729144739403
2165	369.36642449807664
2166	407.328051410631
2167	350.6256972783366
2168	387.6712305358099
2169	325.50803404282914
2170	369.43932318547303
2171	326.0889217299753
2172	348.07542891572535
2173	355.50250005485987
2174	377.4532969641702
2175	382.9117493190956
2176	352.3461980893585
2177	386.01916043072674
2178	380.3640924200225
2179	371.72981856479333
2180	352.816908467121
2181	364.0556916131708
2182	357.0431619452441
2183	342.22234321842836
2184	378.81356671330684
2185	340.12806411333827
2186	401.29568921699405
2187	341.9828734051511
2188	423.0143567527102
2189	358.09927445509453
2190	412.31849096953357
2191	395.0111412013732
2192	392.7356433558438
2193	397.2538827272678
2194	374.149100487184
2195	375.37910990023613
2196	451.7267588420231
2197	400.7237531652061
2198	366.78415293760224
2199	426.64849110601307
2200	384.2754578392423
2201	434.2167893797631
2202	437.32832336085994
2203	409.3516941829145
2204	427.64618755692715
2205	457.0935093244152
2206	439.1599410435532
2207	428.51735935444657
2208	400.9868935382483
2209	409.69187701052806
2210	411.1836513849618
2211	426.9800297952598
2212	392.0076731823465
2213	411.3738684700693
2214	407.5788975699287
2215	412.8793509144746
2216	389.0030919831402
2217	409.17246283072154
2218	382.6749865087728
2219	416.84536252331185
2220	397.80917308703073
2221	373.2553665698019
2222	374.530089972685
2223	384.2230306712914
2224	368.8278566111184
2225	400.1967970796511
2226	396.8098898850198
2227	381.94581518837856
2228	396.06922718560145
2229	374.8004707718752
2230	370.2984624740001
2231	397.3170080983321
2232	376.1586479008009
2233	356.66594857956306
2234	388.15887379459093
2235	387.00128562862716
2236	371.7246633935733
2237	384.4506665571123
2238	413.1678108738004
2239	444.51005611527813
2240	420.87893030931576
2241	380.0579996910561
2242	425.7058561770703
2243	361.64929390232504
2244	369.00161347005263
2245	354.06573465242224
2246	377.08005025710696
2247	444.6904603777724
2248	399.2757610370515
2249	444.4099743773297
